{"phase": "phase1_cost_only_cma", "generation": 0, "lambda": 0, "sigma_internal": 1.0, "distribution_mean_search": {"mpc.cost.q_ey": 0.5493061443340548, "mpc.cost.Q_epsi": 0.5493061443340548, "mpc.cost.R_dT": 0.5493061443340548, "mpc.cost.R_u_ddelta_cmd": 0.5493061443340548, "mpc.cost.Q_beta": -1.4978661367769954, "mpc.cost.R_Mtv": -14.966803104461297}, "distribution_center_theta": {"mpc.cost.q_ey": 1.7320508075688772, "mpc.cost.Q_epsi": 1.7320508075688772, "mpc.cost.R_dT": 1.7320508075688772, "mpc.cost.R_u_ddelta_cmd": 1.7320508075688772, "mpc.cost.Q_beta": 0.223606797749979, "mpc.cost.R_Mtv": 3.162277660168379e-07}, "distribution_center_theta_full": {"mpc.bounds.max_vx": 10.5, "mpc.model.mux": 0.4, "mpc.model.muy": 0.4, "mpc.cost.q_ey": 1.7320508075688772, "mpc.cost.Q_epsi": 1.7320508075688772, "mpc.cost.R_dT": 1.7320508075688772, "mpc.cost.R_u_ddelta_cmd": 1.7320508075688772, "mpc.cost.Q_beta": 0.223606797749979, "mpc.cost.R_Mtv": 3.162277660168379e-07}, "distribution_cov_diag_search": {"mpc.cost.q_ey": 1.054073558389525, "mpc.cost.Q_epsi": 1.054073558389525, "mpc.cost.R_dT": 1.054073558389525, "mpc.cost.R_u_ddelta_cmd": 1.054073558389525, "mpc.cost.Q_beta": 1.2513318636699795, "mpc.cost.R_Mtv": 1.5460334890155008}, "distribution_cov_search_matrix": [[1.054073558389525, 0.0, 0.0, 0.0, 0.0, 0.0], [0.0, 1.054073558389525, 0.0, 0.0, 0.0, 0.0], [0.0, 0.0, 1.054073558389525, 0.0, 0.0, 0.0], [0.0, 0.0, 0.0, 1.054073558389525, 0.0, 0.0], [0.0, 0.0, 0.0, 0.0, 1.2513318636699795, 0.0], [0.0, 0.0, 0.0, 0.0, 0.0, 1.5460334890155008]], "timestamp_unix": 1773583194.7843833}
{"phase": "phase1_cost_only_cma", "generation": 1, "lambda": 4, "sigma_internal": 0.9445819965179979, "distribution_mean_search": {"mpc.cost.q_ey": 0.07872254999500033, "mpc.cost.Q_epsi": -0.9832660620378446, "mpc.cost.R_dT": 0.8566876320230512, "mpc.cost.R_u_ddelta_cmd": 1.099965974502069, "mpc.cost.Q_beta": -2.1892454287387006, "mpc.cost.R_Mtv": -13.440725111847357}, "distribution_center_theta": {"mpc.cost.q_ey": 1.0819041061251293, "mpc.cost.Q_epsi": 0.3740873090935578, "mpc.cost.R_dT": 2.355345985639059, "mpc.cost.R_u_ddelta_cmd": 3.0040638074405943, "mpc.cost.Q_beta": 0.1120012296489644, "mpc.cost.R_Mtv": 1.4546792740470262e-06}, "distribution_center_theta_full": {"mpc.bounds.max_vx": 10.5, "mpc.model.mux": 0.4, "mpc.model.muy": 0.4, "mpc.cost.q_ey": 1.0819041061251293, "mpc.cost.Q_epsi": 0.3740873090935578, "mpc.cost.R_dT": 2.355345985639059, "mpc.cost.R_u_ddelta_cmd": 3.0040638074405943, "mpc.cost.Q_beta": 0.1120012296489644, "mpc.cost.R_Mtv": 1.4546792740470262e-06}, "distribution_cov_diag_search": {"mpc.cost.q_ey": 0.9268784244017015, "mpc.cost.Q_epsi": 0.9399861869864063, "mpc.cost.R_dT": 0.9063368919225563, "mpc.cost.R_u_ddelta_cmd": 0.9317428627618105, "mpc.cost.Q_beta": 1.0939471413931074, "mpc.cost.R_Mtv": 1.426513442577155}, "distribution_std_theta_approx": {"mpc.cost.q_ey": 2.1248187590786776, "mpc.cost.Q_epsi": 0.7475550376453822, "mpc.cost.R_dT": 4.500848923534097, "mpc.cost.R_u_ddelta_cmd": 5.938052384795511, "mpc.cost.Q_beta": 0.27274957250386533, "mpc.cost.R_Mtv": 5.280312234391982e-06}, "distribution_cov_search_matrix": [[0.9268784244017015, 0.021722873852212082, 0.006101567791203421, -0.00010277218309833752, 0.007758699872961168, -0.014296564105489297], [0.021722873852212082, 0.9399861869864063, -0.041752822413107536, -0.028905924192573616, -0.007605940206741964, -0.08170650728031664], [0.006101567791203421, -0.041752822413107536, 0.9063368919225563, -0.006957965876949527, -0.023524103414374616, 0.00105854536523223], [-0.00010277218309833752, -0.028905924192573616, -0.006957965876949527, 0.9317428627618105, -0.009624655023642606, 0.01715368279037368], [0.007758699872961168, -0.007605940206741964, -0.023524103414374616, -0.009624655023642606, 1.0939471413931074, -0.03861664758332724], [-0.014296564105489297, -0.08170650728031664, 0.00105854536523223, 0.01715368279037368, -0.03861664758332724, 1.426513442577155]], "timestamp_unix": 1773583231.7128074, "generation_best_theta": {"mpc.bounds.max_vx": 10.5, "mpc.model.mux": 0.4, "mpc.model.muy": 0.4, "mpc.cost.q_ey": 1.0986745403858564, "mpc.cost.Q_epsi": 0.34951555355432257, "mpc.cost.R_dT": 2.520030554225845, "mpc.cost.R_u_ddelta_cmd": 2.4894884242965074, "mpc.cost.Q_beta": 0.08022759960388959, "mpc.cost.R_Mtv": 1.6289242456992892e-06}, "generation_best_cost": 152.55365, "global_best_cost_inside_phase": 152.55365}
{"phase": "phase1_cost_only_cma", "generation": 2, "lambda": 4, "sigma_internal": 0.870503489860704, "distribution_mean_search": {"mpc.cost.q_ey": 1.1759510279233845, "mpc.cost.Q_epsi": -1.4531871428782328, "mpc.cost.R_dT": 0.46225051932893135, "mpc.cost.R_u_ddelta_cmd": -0.03953153472796023, "mpc.cost.Q_beta": -1.5129744921321877, "mpc.cost.R_Mtv": -14.574256306911577}, "distribution_center_theta": {"mpc.cost.q_ey": 3.241223973037641, "mpc.cost.Q_epsi": 0.23382386917436215, "mpc.cost.R_dT": 1.5876429886656742, "mpc.cost.R_u_ddelta_cmd": 0.96123964108206, "mpc.cost.Q_beta": 0.22025385926172467, "mpc.cost.R_Mtv": 4.682533661258544e-07}, "distribution_center_theta_full": {"mpc.bounds.max_vx": 10.5, "mpc.model.mux": 0.4, "mpc.model.muy": 0.4, "mpc.cost.q_ey": 3.241223973037641, "mpc.cost.Q_epsi": 0.23382386917436215, "mpc.cost.R_dT": 1.5876429886656742, "mpc.cost.R_u_ddelta_cmd": 0.96123964108206, "mpc.cost.Q_beta": 0.22025385926172467, "mpc.cost.R_Mtv": 4.682533661258544e-07}, "distribution_cov_diag_search": {"mpc.cost.q_ey": 0.7891474423131454, "mpc.cost.Q_epsi": 0.8235742905061664, "mpc.cost.R_dT": 0.7272970366697238, "mpc.cost.R_u_ddelta_cmd": 0.7960139621941145, "mpc.cost.Q_beta": 0.8883638645593385, "mpc.cost.R_Mtv": 1.2020282802783115}, "distribution_std_theta_approx": {"mpc.cost.q_ey": 5.271515649980846, "mpc.cost.Q_epsi": 0.3991150787090363, "mpc.cost.R_dT": 2.3619439594981344, "mpc.cost.R_u_ddelta_cmd": 1.5786048416589236, "mpc.cost.Q_beta": 0.41083900639138765, "mpc.cost.R_Mtv": 1.302815635997957e-06}, "distribution_cov_search_matrix": [[0.7891474423131454, -0.010387102273335587, 0.012578303332414584, -0.0200825186041976, 0.04759370844173269, -0.0215610761566673], [-0.010387102273335587, 0.8235742905061664, -0.015093505117247495, -0.0022731038428274166, -0.007051179238069204, -0.051849563342627074], [0.012578303332414584, -0.015093505117247495, 0.7272970366697238, 0.008721165252487341, -0.04682524603552607, -0.013005250451478958], [-0.0200825186041976, -0.0022731038428274166, 0.008721165252487341, 0.7960139621941145, -0.035658540142060144, 0.035600650396539715], [0.04759370844173269, -0.007051179238069204, -0.04682524603552607, -0.035658540142060144, 0.8883638645593385, -0.06022368229209171], [-0.0215610761566673, -0.051849563342627074, -0.013005250451478958, 0.035600650396539715, -0.06022368229209171, 1.2020282802783115]], "timestamp_unix": 1773583257.898138, "generation_best_theta": {"mpc.bounds.max_vx": 10.5, "mpc.model.mux": 0.4, "mpc.model.muy": 0.4, "mpc.cost.q_ey": 4.003117113294431, "mpc.cost.Q_epsi": 0.2913372536135426, "mpc.cost.R_dT": 1.7982471777128424, "mpc.cost.R_u_ddelta_cmd": 0.7840875868515057, "mpc.cost.Q_beta": 0.32121997623697773, "mpc.cost.R_Mtv": 3.9336676843016066e-07}, "generation_best_cost": 152.7122, "global_best_cost_inside_phase": 152.55365}
{"phase": "phase1_cost_only_cma", "generation": 3, "lambda": 4, "sigma_internal": 0.8191873629324484, "distribution_mean_search": {"mpc.cost.q_ey": 1.3361045724469007, "mpc.cost.Q_epsi": -2.042134957113121, "mpc.cost.R_dT": 1.170786816894279, "mpc.cost.R_u_ddelta_cmd": 1.1220428151028408, "mpc.cost.Q_beta": -2.0683331173957855, "mpc.cost.R_Mtv": -14.611718221556206}, "distribution_center_theta": {"mpc.cost.q_ey": 3.8041956362438554, "mpc.cost.Q_epsi": 0.12975140128460338, "mpc.cost.R_dT": 3.2245287543682926, "mpc.cost.R_u_ddelta_cmd": 3.0711215330659387, "mpc.cost.Q_beta": 0.12639629399035293, "mpc.cost.R_Mtv": 4.5103620587848465e-07}, "distribution_center_theta_full": {"mpc.bounds.max_vx": 10.5, "mpc.model.mux": 0.4, "mpc.model.muy": 0.4, "mpc.cost.q_ey": 3.8041956362438554, "mpc.cost.Q_epsi": 0.12975140128460338, "mpc.cost.R_dT": 3.2245287543682926, "mpc.cost.R_u_ddelta_cmd": 3.0711215330659387, "mpc.cost.Q_beta": 0.12639629399035293, "mpc.cost.R_Mtv": 4.5103620587848465e-07}, "distribution_cov_diag_search": {"mpc.cost.q_ey": 0.6917422367906046, "mpc.cost.Q_epsi": 0.7565390056080783, "mpc.cost.R_dT": 0.6494831131111588, "mpc.cost.R_u_ddelta_cmd": 0.6939815629738875, "mpc.cost.Q_beta": 0.7455664444576225, "mpc.cost.R_Mtv": 1.0269460772342611}, "distribution_std_theta_approx": {"mpc.cost.q_ey": 5.368613914651022, "mpc.cost.Q_epsi": 0.20141986424094055, "mpc.cost.R_dT": 4.26681365946403, "mpc.cost.R_u_ddelta_cmd": 4.348659476113617, "mpc.cost.Q_beta": 0.1931213831329645, "mpc.cost.R_Mtv": 1.0091192251770934e-06}, "distribution_cov_search_matrix": [[0.6917422367906046, -0.02858713803271943, 0.02222905039718619, -0.022463147492238128, 0.025877102274630217, -0.03426571649828806], [-0.02858713803271943, 0.7565390056080783, -0.03244353727461735, -0.03890793128902142, 0.012023123088126444, -0.04374981343444684], [0.02222905039718619, -0.03244353727461735, 0.6494831131111588, 0.04017754984282168, -0.04844642742792092, -0.006123538577683437], [-0.022463147492238128, -0.03890793128902142, 0.04017754984282168, 0.6939815629738875, -0.05655108403343104, 0.0043095068000980966], [0.025877102274630217, 0.012023123088126444, -0.04844642742792092, -0.05655108403343104, 0.7455664444576225, -0.0746570285267417], [-0.03426571649828806, -0.04374981343444684, -0.006123538577683437, 0.0043095068000980966, -0.0746570285267417, 1.0269460772342611]], "timestamp_unix": 1773583291.0844154, "generation_best_theta": {"mpc.bounds.max_vx": 10.5, "mpc.model.mux": 0.4, "mpc.model.muy": 0.4, "mpc.cost.q_ey": 3.424652881650334, "mpc.cost.Q_epsi": 0.1070568616135654, "mpc.cost.R_dT": 4.571367886011326, "mpc.cost.R_u_ddelta_cmd": 4.260452521599009, "mpc.cost.Q_beta": 0.1398203153395759, "mpc.cost.R_Mtv": 4.961252292227902e-07}, "generation_best_cost": 152.5684, "global_best_cost_inside_phase": 152.55365}
{"phase": "phase2_planner_only_cma", "generation": 0, "lambda": 0, "sigma_internal": 1.0, "distribution_mean_search": {"mpc.bounds.max_vx": 10.5, "mpc.model.mux": 0.4, "mpc.model.muy": 0.4}, "distribution_center_theta": {"mpc.bounds.max_vx": 10.5, "mpc.model.mux": 0.4, "mpc.model.muy": 0.4}, "distribution_center_theta_full": {"mpc.cost.q_ey": 1.0986745403858564, "mpc.cost.Q_epsi": 0.34951555355432257, "mpc.cost.R_dT": 2.520030554225845, "mpc.cost.R_u_ddelta_cmd": 2.4894884242965074, "mpc.cost.Q_beta": 0.08022759960388959, "mpc.cost.R_Mtv": 1.6289242456992892e-06, "mpc.bounds.max_vx": 10.5, "mpc.model.mux": 0.4, "mpc.model.muy": 0.4}, "distribution_cov_diag_search": {"mpc.bounds.max_vx": 9.0, "mpc.model.mux": 0.11289600000000001, "mpc.model.muy": 0.11289600000000001}, "distribution_cov_search_matrix": [[9.0, 0.0, 0.0], [0.0, 0.11289600000000001, 0.0], [0.0, 0.0, 0.11289600000000001]], "timestamp_unix": 1773583291.088496}
