{"phase": "unstaged_joint_cma", "generation": 0, "lambda": 0, "sigma_internal": 1.0, "distribution_mean_search": {"mpc.cost.Q_y": 2.302585092994046, "mpc.cost.Q_psi": 2.302585092994046, "mpc.cost.R_ddelta": 2.302585092994046, "mpc.cost.R_tv": -14.966803104461297, "velocity_planner.v_max": 13.5, "velocity_planner.mux_acc": 0.7, "velocity_planner.mux_dec": 0.6, "velocity_planner.muy": 0.75}, "distribution_center_theta": {"mpc.cost.Q_y": 10.000000000000002, "mpc.cost.Q_psi": 10.000000000000002, "mpc.cost.R_ddelta": 10.000000000000002, "mpc.cost.R_tv": 3.162277660168379e-07, "velocity_planner.v_max": 13.5, "velocity_planner.mux_acc": 0.7, "velocity_planner.mux_dec": 0.6, "velocity_planner.muy": 0.75}, "distribution_center_theta_full": {"mpc.cost.Q_y": 10.000000000000002, "mpc.cost.Q_psi": 10.000000000000002, "mpc.cost.R_ddelta": 10.000000000000002, "mpc.cost.R_tv": 3.162277660168379e-07, "velocity_planner.v_max": 13.5, "velocity_planner.mux_acc": 0.7, "velocity_planner.mux_dec": 0.6, "velocity_planner.muy": 0.75}, "distribution_cov_diag_search": {"mpc.cost.Q_y": 1.9086833197722235, "mpc.cost.Q_psi": 1.9086833197722235, "mpc.cost.R_ddelta": 1.9086833197722235, "mpc.cost.R_tv": 4.294537469487501, "velocity_planner.v_max": 12.25, "velocity_planner.mux_acc": 0.20070399999999997, "velocity_planner.mux_dec": 0.20070399999999997, "velocity_planner.muy": 0.20070399999999997}, "distribution_cov_search_matrix": [[1.9086833197722235, 0.0, 0.0, 0.0, 0.0, 0.0, 0.0, 0.0], [0.0, 1.9086833197722235, 0.0, 0.0, 0.0, 0.0, 0.0, 0.0], [0.0, 0.0, 1.9086833197722235, 0.0, 0.0, 0.0, 0.0, 0.0], [0.0, 0.0, 0.0, 4.294537469487501, 0.0, 0.0, 0.0, 0.0], [0.0, 0.0, 0.0, 0.0, 12.25, 0.0, 0.0, 0.0], [0.0, 0.0, 0.0, 0.0, 0.0, 0.20070399999999997, 0.0, 0.0], [0.0, 0.0, 0.0, 0.0, 0.0, 0.0, 0.20070399999999997, 0.0], [0.0, 0.0, 0.0, 0.0, 0.0, 0.0, 0.0, 0.20070399999999997]], "timestamp_unix": 1773876258.892301}
{"phase": "unstaged_joint_cma", "generation": 1, "lambda": 8, "sigma_internal": 0.9132563698283639, "distribution_mean_search": {"mpc.cost.Q_y": 1.8758039421318018, "mpc.cost.Q_psi": 1.5244317824167681, "mpc.cost.R_ddelta": 2.2433313760072986, "mpc.cost.R_tv": -14.944734435300447, "velocity_planner.v_max": 11.6400610187444, "velocity_planner.mux_acc": 0.48758958318121626, "velocity_planner.mux_dec": 0.9450792292532988, "velocity_planner.muy": 0.4035208443429553}, "distribution_center_theta": {"mpc.cost.Q_y": 6.5260635893971575, "mpc.cost.Q_psi": 4.592533269612458, "mpc.cost.R_ddelta": 9.42467618775783, "mpc.cost.R_tv": 3.2328406717109547e-07, "velocity_planner.v_max": 11.6400610187444, "velocity_planner.mux_acc": 0.48758958318121626, "velocity_planner.mux_dec": 0.9450792292532988, "velocity_planner.muy": 0.4035208443429553}, "distribution_center_theta_full": {"mpc.cost.Q_y": 6.5260635893971575, "mpc.cost.Q_psi": 4.592533269612458, "mpc.cost.R_ddelta": 9.42467618775783, "mpc.cost.R_tv": 3.2328406717109547e-07, "velocity_planner.v_max": 11.6400610187444, "velocity_planner.mux_acc": 0.48758958318121626, "velocity_planner.mux_dec": 0.9450792292532988, "velocity_planner.muy": 0.4035208443429553}, "distribution_cov_diag_search": {"mpc.cost.Q_y": 1.460896997038816, "mpc.cost.Q_psi": 1.6361795480443948, "mpc.cost.R_ddelta": 1.582357116510477, "mpc.cost.R_tv": 3.5027471437127535, "velocity_planner.v_max": 9.836022221153051, "velocity_planner.mux_acc": 0.1630794034909439, "velocity_planner.mux_dec": 0.16636688646548378, "velocity_planner.muy": 0.170642795991349}, "distribution_std_theta_approx": {"mpc.cost.Q_y": 24.648102068357936, "mpc.cost.Q_psi": 21.164539760992486, "mpc.cost.R_ddelta": 40.881332341295206, "mpc.cost.R_tv": 1.0572270866582829e-05, "velocity_planner.v_max": 3.1362433293915593, "velocity_planner.mux_acc": 0.40383090952890655, "velocity_planner.mux_dec": 0.4078809709529041, "velocity_planner.muy": 0.4130893317326762}, "distribution_cov_search_matrix": [[1.460896997038816, -0.03994282978675178, 0.021764859182510723, -0.026341362345187226, -0.19580502348753753, 0.025513640165581386, -0.0071154378207299585, 0.026063773511897384], [-0.03994282978675178, 1.6361795480443948, 0.016205809544172972, -0.11018769249346527, -0.10090775687895615, 0.03142837517796667, -0.001300456999791064, 0.024901849528480714], [0.021764859182510723, 0.016205809544172972, 1.582357116510477, -0.009066059164866991, 0.05558091540812847, -0.0011205275504065837, -0.005711937524143909, -0.0022779298916345363], [-0.026341362345187226, -0.11018769249346527, -0.009066059164866991, 3.5027471437127535, -0.10158875189332917, 0.018509114226892193, 0.015297937981011901, -0.0014360478661898028], [-0.19580502348753753, -0.10090775687895615, 0.05558091540812847, -0.10158875189332917, 9.836022221153051, 0.06346252882421294, -0.0007161181413781771, 0.06471772874515924], [0.025513640165581386, 0.03142837517796667, -0.0011205275504065837, 0.018509114226892193, 0.06346252882421294, 0.1630794034909439, -0.006720281302898534, 0.0015274108635361509], [-0.0071154378207299585, -0.001300456999791064, -0.005711937524143909, 0.015297937981011901, -0.0007161181413781771, -0.006720281302898534, 0.16636688646548378, -0.005753262973471884], [0.026063773511897384, 0.024901849528480714, -0.0022779298916345363, -0.0014360478661898028, 0.06471772874515924, 0.0015274108635361509, -0.005753262973471884, 0.170642795991349]], "timestamp_unix": 1773877995.679473, "generation_best_theta": {"mpc.cost.Q_y": 5.191656560321606, "mpc.cost.Q_psi": 9.863913323817503, "mpc.cost.R_ddelta": 14.83177476241741, "mpc.cost.R_tv": 1.633720938437177e-07, "velocity_planner.v_max": 8.546678854921575, "velocity_planner.mux_acc": 0.555617093246226, "velocity_planner.mux_dec": 1.164415998378657, "velocity_planner.muy": 0.6275586021771857}, "generation_best_objective": -15.761192006064219, "global_best_objective_inside_phase": -15.761192006064219}
{"phase": "unstaged_joint_cma", "generation": 2, "lambda": 8, "sigma_internal": 0.9362477586009812, "distribution_mean_search": {"mpc.cost.Q_y": 0.35333893718861664, "mpc.cost.Q_psi": 2.19295310045248, "mpc.cost.R_ddelta": 1.747022505140803, "mpc.cost.R_tv": -12.838187339816677, "velocity_planner.v_max": 11.60395641416929, "velocity_planner.mux_acc": 1.0693782907574159, "velocity_planner.mux_dec": 0.9564584068082866, "velocity_planner.muy": 0.9375147274953503}, "distribution_center_theta": {"mpc.cost.Q_y": 1.4238136450540801, "mpc.cost.Q_psi": 8.96163869608459, "mpc.cost.R_ddelta": 5.737493859467661, "mpc.cost.R_tv": 2.6573336109320946e-06, "velocity_planner.v_max": 11.60395641416929, "velocity_planner.mux_acc": 1.0693782907574159, "velocity_planner.mux_dec": 0.9564584068082866, "velocity_planner.muy": 0.9375147274953503}, "distribution_center_theta_full": {"mpc.cost.Q_y": 1.4238136450540801, "mpc.cost.Q_psi": 8.96163869608459, "mpc.cost.R_ddelta": 5.737493859467661, "mpc.cost.R_tv": 2.6573336109320946e-06, "velocity_planner.v_max": 11.60395641416929, "velocity_planner.mux_acc": 1.0693782907574159, "velocity_planner.mux_dec": 0.9564584068082866, "velocity_planner.muy": 0.9375147274953503}, "distribution_cov_diag_search": {"mpc.cost.Q_y": 1.7371632780414037, "mpc.cost.Q_psi": 1.73243081583679, "mpc.cost.R_ddelta": 1.668437634437374, "mpc.cost.R_tv": 3.632213268627593, "velocity_planner.v_max": 10.082267620359804, "velocity_planner.mux_acc": 0.17413946628733726, "velocity_planner.mux_dec": 0.16755109276360639, "velocity_planner.muy": 0.1881428644557384}, "distribution_std_theta_approx": {"mpc.cost.Q_y": 7.342638930490465, "mpc.cost.Q_psi": 45.97386471696994, "mpc.cost.R_ddelta": 27.412501836736272, "mpc.cost.R_tv": 9.910001135264559e-05, "velocity_planner.v_max": 3.175258669834602, "velocity_planner.mux_acc": 0.41730021122369115, "velocity_planner.mux_dec": 0.40933005357975655, "velocity_planner.muy": 0.4337543826357705}, "distribution_cov_search_matrix": [[1.7371632780414037, -0.0801054700582307, 0.08669427507095984, -0.2297879528939294, -0.10469431565565833, -0.038784670974808644, -0.035169446515016384, -0.01562893106838335], [-0.0801054700582307, 1.73243081583679, 0.0020501677647358748, -0.028256908101433605, -0.12878974892105244, 0.036020695935206334, -0.011272878434835869, 0.037711659989995566], [0.08669427507095984, 0.0020501677647358748, 1.668437634437374, -0.06095577731070512, 0.08141570002999379, -0.013014447404826707, -0.034867448625765955, -0.015442519994029572], [-0.2297879528939294, -0.028256908101433605, -0.06095577731070512, 3.632213268627593, -0.13211585728880143, 0.1399913484072325, 0.03949271056751309, 0.02253672281265729], [-0.10469431565565833, -0.12878974892105244, 0.08141570002999379, -0.13211585728880143, 10.082267620359804, 0.02015735092266669, -0.003727000280647744, 0.06550407187892081], [-0.038784670974808644, 0.036020695935206334, -0.013014447404826707, 0.1399913484072325, 0.02015735092266669, 0.17413946628733726, 0.013531940974588432, 0.020887528139590314], [-0.035169446515016384, -0.011272878434835869, -0.034867448625765955, 0.03949271056751309, -0.003727000280647744, 0.013531940974588432, 0.16755109276360639, -0.0004235088659915137], [-0.01562893106838335, 0.037711659989995566, -0.015442519994029572, 0.02253672281265729, 0.06550407187892081, 0.020887528139590314, -0.0004235088659915137, 0.1881428644557384]], "timestamp_unix": 1773879995.7803788, "generation_best_theta": {"mpc.cost.Q_y": 1.0, "mpc.cost.Q_psi": 5.690672025028164, "mpc.cost.R_ddelta": 2.979880242987877, "mpc.cost.R_tv": 3.1159765199827356e-06, "velocity_planner.v_max": 10.980504768501536, "velocity_planner.mux_acc": 1.599902566974258, "velocity_planner.mux_dec": 1.3454947063819724, "velocity_planner.muy": 1.1113136730124613}, "generation_best_objective": -19.68746086083343, "global_best_objective_inside_phase": -19.68746086083343}
{"phase": "unstaged_joint_cma", "generation": 3, "lambda": 8, "sigma_internal": 0.9748411907251293, "distribution_mean_search": {"mpc.cost.Q_y": -0.6125476871378726, "mpc.cost.Q_psi": 2.17859048110878, "mpc.cost.R_ddelta": 1.0425383233134344, "mpc.cost.R_tv": -13.347654754115231, "velocity_planner.v_max": 13.329121995797587, "velocity_planner.mux_acc": 1.3632933412474255, "velocity_planner.mux_dec": 1.2463444702776743, "velocity_planner.muy": 0.7976433011183724}, "distribution_center_theta": {"mpc.cost.Q_y": 0.5419683429238507, "mpc.cost.Q_psi": 8.833846006475108, "mpc.cost.R_ddelta": 2.836407604017749, "mpc.cost.R_tv": 1.5965671672476581e-06, "velocity_planner.v_max": 13.329121995797587, "velocity_planner.mux_acc": 1.3632933412474255, "velocity_planner.mux_dec": 1.2463444702776743, "velocity_planner.muy": 0.7976433011183724}, "distribution_center_theta_full": {"mpc.cost.Q_y": 0.5419683429238507, "mpc.cost.Q_psi": 8.833846006475108, "mpc.cost.R_ddelta": 2.836407604017749, "mpc.cost.R_tv": 1.5965671672476581e-06, "velocity_planner.v_max": 13.329121995797587, "velocity_planner.mux_acc": 1.3632933412474255, "velocity_planner.mux_dec": 1.2463444702776743, "velocity_planner.muy": 0.7976433011183724}, "distribution_cov_diag_search": {"mpc.cost.Q_y": 2.145325801403462, "mpc.cost.Q_psi": 1.8505528541371743, "mpc.cost.R_ddelta": 1.6252656050423244, "mpc.cost.R_tv": 3.9419471163089206, "velocity_planner.v_max": 10.910188998194311, "velocity_planner.mux_acc": 0.19225056583763228, "velocity_planner.mux_dec": 0.1861941897640179, "velocity_planner.muy": 0.19639211883970764}, "distribution_std_theta_approx": {"mpc.cost.Q_y": 4.3516110922018525, "mpc.cost.Q_psi": 51.60714046221875, "mpc.cost.R_ddelta": 12.912440111945807, "mpc.cost.R_tv": 8.145105605979615e-05, "velocity_planner.v_max": 3.3030575226892904, "velocity_planner.mux_acc": 0.4384638706183581, "velocity_planner.mux_dec": 0.43150224769289197, "velocity_planner.muy": 0.44316150423937734}, "distribution_cov_search_matrix": [[2.145325801403462, -0.14917186747552166, 0.13246305251572246, -0.2976224042975295, -0.16797677166677766, -0.08150158959637191, -0.0950734784204148, -0.00871366169289159], [-0.14917186747552166, 1.8505528541371743, 0.003636158856871765, -0.015272275558662153, -0.06058451218910158, 0.05259948798894239, 0.02114830116964353, 0.05719115129491176], [0.13246305251572246, 0.003636158856871765, 1.6252656050423244, -0.16528444392352504, 0.01508376308576835, -0.0017200246622161319, -0.07952733335212951, -0.001780623544786879], [-0.2976224042975295, -0.015272275558662153, -0.16528444392352504, 3.9419471163089206, -0.17544643030822504, 0.1824995263807922, 0.042218908251405465, 0.024272157052861187], [-0.16797677166677766, -0.06058451218910158, 0.01508376308576835, -0.17544643030822504, 10.910188998194311, 0.04498486664922229, -0.004102679696665269, 0.03306643795542408], [-0.08150158959637191, 0.05259948798894239, -0.0017200246622161319, 0.1824995263807922, 0.04498486664922229, 0.19225056583763228, 0.023823498098389902, 0.018178512435437007], [-0.0950734784204148, 0.02114830116964353, -0.07952733335212951, 0.042218908251405465, -0.004102679696665269, 0.023823498098389902, 0.1861941897640179, -0.00539219438740887], [-0.00871366169289159, 0.05719115129491176, -0.001780623544786879, 0.024272157052861187, 0.03306643795542408, 0.018178512435437007, -0.00539219438740887, 0.19639211883970764]], "timestamp_unix": 1773881712.1448343, "generation_best_theta": {"mpc.cost.Q_y": 1.0, "mpc.cost.Q_psi": 17.44094612214895, "mpc.cost.R_ddelta": 3.539745180818093, "mpc.cost.R_tv": 1.0791381129684159e-06, "velocity_planner.v_max": 12.800158360002671, "velocity_planner.mux_acc": 1.3358377378677009, "velocity_planner.mux_dec": 1.6683857116126335, "velocity_planner.muy": 0.8284942788962265}, "generation_best_objective": -20.429185137572873, "global_best_objective_inside_phase": -20.429185137572873}
{"phase": "unstaged_joint_cma", "generation": 4, "lambda": 8, "sigma_internal": 1.076890164365905, "distribution_mean_search": {"mpc.cost.Q_y": -1.744840635485037, "mpc.cost.Q_psi": 1.5481462402064547, "mpc.cost.R_ddelta": 1.5832470062642727, "mpc.cost.R_tv": -10.904193343587671, "velocity_planner.v_max": 10.941676744116915, "velocity_planner.mux_acc": 1.738832691654979, "velocity_planner.mux_dec": 1.4249497422455435, "velocity_planner.muy": 1.0125654445069125}, "distribution_center_theta": {"mpc.cost.Q_y": 0.17467282339861973, "mpc.cost.Q_psi": 4.702744338905671, "mpc.cost.R_ddelta": 4.870745503912178, "mpc.cost.R_tv": 1.8380994338009086e-05, "velocity_planner.v_max": 10.941676744116915, "velocity_planner.mux_acc": 1.738832691654979, "velocity_planner.mux_dec": 1.4249497422455435, "velocity_planner.muy": 1.0125654445069125}, "distribution_center_theta_full": {"mpc.cost.Q_y": 0.17467282339861973, "mpc.cost.Q_psi": 4.702744338905671, "mpc.cost.R_ddelta": 4.870745503912178, "mpc.cost.R_tv": 1.8380994338009086e-05, "velocity_planner.v_max": 10.941676744116915, "velocity_planner.mux_acc": 1.738832691654979, "velocity_planner.mux_dec": 1.4249497422455435, "velocity_planner.muy": 1.0125654445069125}, "distribution_cov_diag_search": {"mpc.cost.Q_y": 2.9344104301195366, "mpc.cost.Q_psi": 2.1603485051369264, "mpc.cost.R_ddelta": 1.8974808034130375, "mpc.cost.R_tv": 5.382771832632518, "velocity_planner.v_max": 13.151300818516384, "velocity_planner.mux_acc": 0.26326114224230207, "velocity_planner.mux_dec": 0.23678562204636844, "velocity_planner.muy": 0.21311691506556105}, "distribution_std_theta_approx": {"mpc.cost.Q_y": 3.19713831540848, "mpc.cost.Q_psi": 38.36900304609922, "mpc.cost.R_ddelta": 29.94912698638692, "mpc.cost.R_tv": 0.003990956551499845, "velocity_planner.v_max": 3.626472227732674, "velocity_planner.mux_acc": 0.5130897993941237, "velocity_planner.mux_dec": 0.48660622894324773, "velocity_planner.muy": 0.4616458762575065}, "distribution_cov_search_matrix": [[2.9344104301195366, -0.057496260816746414, 0.11094686249973082, -0.6797020172806321, 0.1913422495861919, -0.1940435176486046, -0.17324091854013318, -0.04926396606509369], [-0.057496260816746414, 2.1603485051369264, -0.0073933191918071, -0.065060663138688, -0.20077993870241598, 0.060483034246803354, 0.01966123569653432, 0.04908783038099293], [0.11094686249973082, -0.0073933191918071, 1.8974808034130375, -0.10767838556601744, 0.02063376810313123, -0.00937381169392391, -0.08216789155561474, -0.027566579897519424], [-0.6797020172806321, -0.065060663138688, -0.10767838556601744, 5.382771832632518, -0.4017527358527716, 0.3626589058085939, 0.10625976697452356, 0.10282350563793785], [0.1913422495861919, -0.20077993870241598, 0.02063376810313123, -0.4017527358527716, 13.151300818516384, 0.029498055775276276, -0.04667409482383305, 0.06017558885317694], [-0.1940435176486046, 0.060483034246803354, -0.00937381169392391, 0.3626589058085939, 0.029498055775276276, 0.26326114224230207, 0.0455172748472672, 0.03339901205583891], [-0.17324091854013318, 0.01966123569653432, -0.08216789155561474, 0.10625976697452356, -0.04667409482383305, 0.0455172748472672, 0.23678562204636844, 0.00791576818359253], [-0.04926396606509369, 0.04908783038099293, -0.027566579897519424, 0.10282350563793785, 0.06017558885317694, 0.03339901205583891, 0.00791576818359253, 0.21311691506556105]], "timestamp_unix": 1773883241.902405, "generation_best_theta": {"mpc.cost.Q_y": 1.0, "mpc.cost.Q_psi": 4.13123041404402, "mpc.cost.R_ddelta": 3.447349459170883, "mpc.cost.R_tv": 9.999999999999997e-06, "velocity_planner.v_max": 11.73826426572642, "velocity_planner.mux_acc": 1.7, "velocity_planner.mux_dec": 1.423041667202586, "velocity_planner.muy": 1.165207798726865}, "generation_best_objective": -21.269870571327115, "global_best_objective_inside_phase": -21.269870571327115}
{"phase": "unstaged_joint_cma", "generation": 5, "lambda": 8, "sigma_internal": 1.0763164101634606, "distribution_mean_search": {"mpc.cost.Q_y": -0.9271970901960351, "mpc.cost.Q_psi": 2.5151155573040733, "mpc.cost.R_ddelta": 2.3330218599201733, "mpc.cost.R_tv": -10.501563022134393, "velocity_planner.v_max": 10.646542913892567, "velocity_planner.mux_acc": 1.8418287867662069, "velocity_planner.mux_dec": 1.497002505543592, "velocity_planner.muy": 1.1547733531397646}, "distribution_center_theta": {"mpc.cost.Q_y": 0.39566116015047537, "mpc.cost.Q_psi": 12.368037913655112, "mpc.cost.R_ddelta": 10.309047007146459, "mpc.cost.R_tv": 2.7493442888691723e-05, "velocity_planner.v_max": 10.646542913892567, "velocity_planner.mux_acc": 1.8418287867662069, "velocity_planner.mux_dec": 1.497002505543592, "velocity_planner.muy": 1.1547733531397646}, "distribution_center_theta_full": {"mpc.cost.Q_y": 0.39566116015047537, "mpc.cost.Q_psi": 12.368037913655112, "mpc.cost.R_ddelta": 10.309047007146459, "mpc.cost.R_tv": 2.7493442888691723e-05, "velocity_planner.v_max": 10.646542913892567, "velocity_planner.mux_acc": 1.8418287867662069, "velocity_planner.mux_dec": 1.497002505543592, "velocity_planner.muy": 1.1547733531397646}, "distribution_cov_diag_search": {"mpc.cost.Q_y": 2.9513624449844387, "mpc.cost.Q_psi": 2.1485411342363387, "mpc.cost.R_ddelta": 1.924174368362103, "mpc.cost.R_tv": 5.3399660136174205, "velocity_planner.v_max": 12.133617972724604, "velocity_planner.mux_acc": 0.27681708973922564, "velocity_planner.mux_dec": 0.23849483148166195, "velocity_planner.muy": 0.1979514051391799}, "distribution_std_theta_approx": {"mpc.cost.Q_y": 7.369304713859623, "mpc.cost.Q_psi": 99.64734613050136, "mpc.cost.R_ddelta": 65.25393712341514, "mpc.cost.R_tv": 0.005718774216854289, "velocity_planner.v_max": 3.483334318253791, "velocity_planner.mux_acc": 0.5261340986281212, "velocity_planner.mux_dec": 0.4883593261950282, "velocity_planner.muy": 0.4449173014608219}, "distribution_cov_search_matrix": [[2.9513624449844387, -0.05917879471352587, 0.05663178768255815, -0.7136283786617288, 0.30920799769653434, -0.2093011284002078, -0.16009174354500103, -0.041631332399178385], [-0.05917879471352587, 2.1485411342363387, -0.014963183088650031, 0.04621790142712712, -0.20292467096366346, 0.08021424101666275, 0.04735631336503118, 0.09312326341555639], [0.05663178768255815, -0.014963183088650031, 1.924174368362103, -0.12444222640457159, -0.0323642840361177, 0.014515899002123508, -0.0812099827131601, -0.01981064892931047], [-0.7136283786617288, 0.04621790142712712, -0.12444222640457159, 5.3399660136174205, -0.7357519147080285, 0.42895334325832535, 0.11675116743190488, 0.08799650933343829], [0.30920799769653434, -0.20292467096366346, -0.0323642840361177, -0.7357519147080285, 12.133617972724604, -0.02194235121156657, -0.15108559761403645, 0.01825145091512587], [-0.2093011284002078, 0.08021424101666275, 0.014515899002123508, 0.42895334325832535, -0.02194235121156657, 0.27681708973922564, 0.05178716680056759, 0.03851501431290468], [-0.16009174354500103, 0.04735631336503118, -0.0812099827131601, 0.11675116743190488, -0.15108559761403645, 0.05178716680056759, 0.23849483148166195, 0.007054973526568476], [-0.041631332399178385, 0.09312326341555639, -0.01981064892931047, 0.08799650933343829, 0.01825145091512587, 0.03851501431290468, 0.007054973526568476, 0.1979514051391799]], "timestamp_unix": 1773885023.504113, "generation_best_theta": {"mpc.cost.Q_y": 1.0, "mpc.cost.Q_psi": 4.430294502434694, "mpc.cost.R_ddelta": 25.334033507563085, "mpc.cost.R_tv": 9.999999999999997e-06, "velocity_planner.v_max": 11.71742220062303, "velocity_planner.mux_acc": 1.7, "velocity_planner.mux_dec": 1.3407908662125076, "velocity_planner.muy": 1.1857970608256312}, "generation_best_objective": -20.970269070120757, "global_best_objective_inside_phase": -21.269870571327115}
{"phase": "unstaged_joint_cma", "generation": 6, "lambda": 8, "sigma_internal": 1.02122665735731, "distribution_mean_search": {"mpc.cost.Q_y": -0.9813294024202182, "mpc.cost.Q_psi": 1.5120048207055876, "mpc.cost.R_ddelta": 1.359627438792871, "mpc.cost.R_tv": -11.000703136042418, "velocity_planner.v_max": 9.927112406823687, "velocity_planner.mux_acc": 1.417449126576413, "velocity_planner.mux_dec": 1.7770716846789987, "velocity_planner.muy": 1.2326177760097163}, "distribution_center_theta": {"mpc.cost.Q_y": 0.3748124908670153, "mpc.cost.Q_psi": 4.535815181180014, "mpc.cost.R_ddelta": 3.894742001681338, "mpc.cost.R_tv": 1.668996135014575e-05, "velocity_planner.v_max": 9.927112406823687, "velocity_planner.mux_acc": 1.417449126576413, "velocity_planner.mux_dec": 1.7770716846789987, "velocity_planner.muy": 1.2326177760097163}, "distribution_center_theta_full": {"mpc.cost.Q_y": 0.3748124908670153, "mpc.cost.Q_psi": 4.535815181180014, "mpc.cost.R_ddelta": 3.894742001681338, "mpc.cost.R_tv": 1.668996135014575e-05, "velocity_planner.v_max": 9.927112406823687, "velocity_planner.mux_acc": 1.417449126576413, "velocity_planner.mux_dec": 1.7770716846789987, "velocity_planner.muy": 1.2326177760097163}, "distribution_cov_diag_search": {"mpc.cost.Q_y": 2.564198616331631, "mpc.cost.Q_psi": 1.951061270848665, "mpc.cost.R_ddelta": 1.6522780412629354, "mpc.cost.R_tv": 4.3679508345976235, "velocity_planner.v_max": 10.730020167612082, "velocity_planner.mux_acc": 0.2529947879305093, "velocity_planner.mux_dec": 0.22782173046167764, "velocity_planner.muy": 0.17556367222715152}, "distribution_std_theta_approx": {"mpc.cost.Q_y": 4.677746919131472, "mpc.cost.Q_psi": 29.55990034770102, "mpc.cost.R_ddelta": 18.275262127038644, "mpc.cost.R_tv": 0.0013081629975062, "velocity_planner.v_max": 3.2756709492273615, "velocity_planner.mux_acc": 0.5029858724959472, "velocity_planner.mux_dec": 0.47730674671711654, "velocity_planner.muy": 0.4190031888030824}, "distribution_cov_search_matrix": [[2.564198616331631, -0.07372051810081215, 0.017849286720301234, -0.4761751569262498, 0.45231680047299533, -0.18915698945906945, -0.15213337818563683, -0.05681580617694652], [-0.07372051810081215, 1.951061270848665, -0.014653192693527058, 0.19135338849290262, -0.05338555576803042, 0.08997603963894085, 0.024979989857143104, 0.08783856627232402], [0.017849286720301234, -0.014653192693527058, 1.6522780412629354, -0.062272319819188696, 0.058357872502123334, 0.008316834386372417, -0.084301411857382, -0.022697870602039875], [-0.4761751569262498, 0.19135338849290262, -0.062272319819188696, 4.3679508345976235, -1.1687376654868051, 0.38797981166305456, 0.10606378605653807, 0.08286362676260722], [0.45231680047299533, -0.05338555576803042, 0.058357872502123334, -1.1687376654868051, 10.730020167612082, -0.035575364975936975, -0.16935299855840594, -0.02194013173470635], [-0.18915698945906945, 0.08997603963894085, 0.008316834386372417, 0.38797981166305456, -0.035575364975936975, 0.2529947879305093, 0.04231978264085748, 0.034338418704293], [-0.15213337818563683, 0.024979989857143104, -0.084301411857382, 0.10606378605653807, -0.16935299855840594, 0.04231978264085748, 0.22782173046167764, 0.008396054480536364], [-0.05681580617694652, 0.08783856627232402, -0.022697870602039875, 0.08286362676260722, -0.02194013173470635, 0.034338418704293, 0.008396054480536364, 0.17556367222715152]], "timestamp_unix": 1773886620.5946782, "generation_best_theta": {"mpc.cost.Q_y": 1.0, "mpc.cost.Q_psi": 1.3737490179556782, "mpc.cost.R_ddelta": 3.9944378920617, "mpc.cost.R_tv": 1.6965044503250987e-06, "velocity_planner.v_max": 10.818542085069886, "velocity_planner.mux_acc": 0.967037861767013, "velocity_planner.mux_dec": 1.7, "velocity_planner.muy": 1.0019357322179263}, "generation_best_objective": -20.035999044267808, "global_best_objective_inside_phase": -21.269870571327115}
{"phase": "unstaged_joint_cma", "generation": 7, "lambda": 8, "sigma_internal": 1.0931916185400843, "distribution_mean_search": {"mpc.cost.Q_y": -3.689712116068023, "mpc.cost.Q_psi": 2.5119378799194196, "mpc.cost.R_ddelta": 0.20421529515616, "mpc.cost.R_tv": -10.452413874683872, "velocity_planner.v_max": 8.537073573379478, "velocity_planner.mux_acc": 1.183616102223497, "velocity_planner.mux_dec": 1.9243784237190757, "velocity_planner.muy": 0.8980596973734367}, "distribution_center_theta": {"mpc.cost.Q_y": 0.024979192115317017, "mpc.cost.Q_psi": 12.328798657151971, "mpc.cost.R_ddelta": 1.226562197931386, "mpc.cost.R_tv": 2.887848006410486e-05, "velocity_planner.v_max": 8.537073573379478, "velocity_planner.mux_acc": 1.183616102223497, "velocity_planner.mux_dec": 1.9243784237190757, "velocity_planner.muy": 0.8980596973734367}, "distribution_center_theta_full": {"mpc.cost.Q_y": 0.024979192115317017, "mpc.cost.Q_psi": 12.328798657151971, "mpc.cost.R_ddelta": 1.226562197931386, "mpc.cost.R_tv": 2.887848006410486e-05, "velocity_planner.v_max": 8.537073573379478, "velocity_planner.mux_acc": 1.183616102223497, "velocity_planner.mux_dec": 1.9243784237190757, "velocity_planner.muy": 0.8980596973734367}, "distribution_cov_diag_search": {"mpc.cost.Q_y": 3.5194830618445083, "mpc.cost.Q_psi": 2.0913496488711103, "mpc.cost.R_ddelta": 2.097247492738971, "mpc.cost.R_tv": 4.720830863482618, "velocity_planner.v_max": 12.437749536947761, "velocity_planner.mux_acc": 0.2623641029557244, "velocity_planner.mux_dec": 0.25975768751601647, "velocity_planner.muy": 0.2062247001846147}, "distribution_std_theta_approx": {"mpc.cost.Q_y": 0.8308881335399406, "mpc.cost.Q_psi": 93.44440430556979, "mpc.cost.R_ddelta": 9.355422319412094, "mpc.cost.R_tv": 0.003227469600873906, "velocity_planner.v_max": 3.526719373149466, "velocity_planner.mux_acc": 0.512214899193419, "velocity_planner.mux_dec": 0.5096642890334936, "velocity_planner.muy": 0.4541196980803791}, "distribution_cov_search_matrix": [[3.5194830618445083, -0.272883934565164, 0.2891517315857253, -0.7895323493902536, 0.9238060786126898, -0.19114760068481812, -0.23692734956128658, -0.020921788871282494], [-0.272883934565164, 2.0913496488711103, -0.14515789594860434, 0.12532587045500637, -0.22619360411972922, 0.05317586805930941, 0.009194511747419438, 0.07399889090532892], [0.2891517315857253, -0.14515789594860434, 2.097247492738971, -0.10248769130382229, 0.17757489880985336, 0.05945337661691077, -0.14697440526835587, -0.01806219774379021], [-0.7895323493902536, 0.12532587045500637, -0.10248769130382229, 4.720830863482618, -1.4626947239647587, 0.3278757155434975, 0.15223194654830868, 0.07687603218881388], [0.9238060786126898, -0.22619360411972922, 0.17757489880985336, -1.4626947239647587, 12.437749536947761, 0.00610386196397381, -0.2947575768804565, -0.013457824138882349], [-0.19114760068481812, 0.05317586805930941, 0.05945337661691077, 0.3278757155434975, 0.00610386196397381, 0.2623641029557244, 0.047936618342753264, 0.039270824517864206], [-0.23692734956128658, 0.009194511747419438, -0.14697440526835587, 0.15223194654830868, -0.2947575768804565, 0.047936618342753264, 0.25975768751601647, 0.005183661122500158], [-0.020921788871282494, 0.07399889090532892, -0.01806219774379021, 0.07687603218881388, -0.013457824138882349, 0.039270824517864206, 0.005183661122500158, 0.2062247001846147]], "timestamp_unix": 1773888338.4384997, "generation_best_theta": {"mpc.cost.Q_y": 1.0, "mpc.cost.Q_psi": 21.112305224415188, "mpc.cost.R_ddelta": 1.0, "mpc.cost.R_tv": 9.999999999999997e-06, "velocity_planner.v_max": 8.590095290712975, "velocity_planner.mux_acc": 0.9201053420607426, "velocity_planner.mux_dec": 1.7, "velocity_planner.muy": 1.0499973502984723}, "generation_best_objective": -16.639234281011817, "global_best_objective_inside_phase": -21.269870571327115}
{"phase": "unstaged_joint_cma", "generation": 8, "lambda": 8, "sigma_internal": 1.1780485765708246, "distribution_mean_search": {"mpc.cost.Q_y": -1.8105840838962788, "mpc.cost.Q_psi": 2.102999869781965, "mpc.cost.R_ddelta": 1.6574171942755431, "mpc.cost.R_tv": -10.22243140551127, "velocity_planner.v_max": 5.934716996435421, "velocity_planner.mux_acc": 0.29268514350279323, "velocity_planner.mux_dec": 1.3119397474249181, "velocity_planner.muy": 1.3010320670144555}, "distribution_center_theta": {"mpc.cost.Q_y": 0.1635585769670355, "mpc.cost.Q_psi": 8.190704140267835, "mpc.cost.R_ddelta": 5.245744593328262, "mpc.cost.R_tv": 3.634581811758146e-05, "velocity_planner.v_max": 5.934716996435421, "velocity_planner.mux_acc": 0.29268514350279323, "velocity_planner.mux_dec": 1.3119397474249181, "velocity_planner.muy": 1.3010320670144555}, "distribution_center_theta_full": {"mpc.cost.Q_y": 0.1635585769670355, "mpc.cost.Q_psi": 8.190704140267835, "mpc.cost.R_ddelta": 5.245744593328262, "mpc.cost.R_tv": 3.634581811758146e-05, "velocity_planner.v_max": 5.934716996435421, "velocity_planner.mux_acc": 0.29268514350279323, "velocity_planner.mux_dec": 1.3119397474249181, "velocity_planner.muy": 1.3010320670144555}, "distribution_cov_diag_search": {"mpc.cost.Q_y": 4.114555867863017, "mpc.cost.Q_psi": 2.2785363828724363, "mpc.cost.R_ddelta": 2.364627781304381, "mpc.cost.R_tv": 5.359816034591677, "velocity_planner.v_max": 14.5636054837169, "velocity_planner.mux_acc": 0.3682203356519003, "velocity_planner.mux_dec": 0.313023915518368, "velocity_planner.muy": 0.2395006809566217}, "distribution_std_theta_approx": {"mpc.cost.Q_y": 9.931760555798968, "mpc.cost.Q_psi": 75.7548091090377, "mpc.cost.R_ddelta": 53.12755214293365, "mpc.cost.R_tv": 0.007712045664517078, "velocity_planner.v_max": 3.816229223162165, "velocity_planner.mux_acc": 0.6068116146316749, "velocity_planner.mux_dec": 0.5594854024175858, "velocity_planner.muy": 0.48938806785272326}, "distribution_cov_search_matrix": [[4.114555867863017, -0.29029832157386876, 0.3160585209366461, -0.9416649745552578, 0.9456244341435993, -0.23563848507511526, -0.29707904400317675, -0.0021001409688105035], [-0.29029832157386876, 2.2785363828724363, -0.06024310338313253, 0.08884774332475386, -0.4133673805692996, 0.06386634383574585, 0.03199068059358422, 0.04040772108740132], [0.3160585209366461, -0.06024310338313253, 2.364627781304381, 0.1191362053400121, 0.24656237300534437, 0.019001378394065568, -0.1844716630456667, 0.041503918878504666], [-0.9416649745552578, 0.08884774332475386, 0.1191362053400121, 5.359816034591677, -2.220826857165319, 0.3227919285356726, 0.16622514757629303, 0.10984033377775053], [0.9456244341435993, -0.4133673805692996, 0.24656237300534437, -2.220826857165319, 14.5636054837169, 0.2601294358468835, -0.2041926978194255, -0.19017082482771494], [-0.23563848507511526, 0.06386634383574585, 0.019001378394065568, 0.3227919285356726, 0.2601294358468835, 0.3682203356519003, 0.07916843149935862, 0.018737474855089215], [-0.29707904400317675, 0.03199068059358422, -0.1844716630456667, 0.16622514757629303, -0.2041926978194255, 0.07916843149935862, 0.313023915518368, 0.0031576230269744422], [-0.0021001409688105035, 0.04040772108740132, 0.041503918878504666, 0.10984033377775053, -0.19017082482771494, 0.018737474855089215, 0.0031576230269744422, 0.2395006809566217]], "timestamp_unix": 1773890260.1978679, "generation_best_theta": {"mpc.cost.Q_y": 1.0, "mpc.cost.Q_psi": 9.617823222820943, "mpc.cost.R_ddelta": 16.08548347228054, "mpc.cost.R_tv": 9.999999999999997e-06, "velocity_planner.v_max": 8.0, "velocity_planner.mux_acc": 0.3, "velocity_planner.mux_dec": 1.4373449008723056, "velocity_planner.muy": 1.7}, "generation_best_objective": -15.818748194138761, "global_best_objective_inside_phase": -21.269870571327115}
{"phase": "unstaged_joint_cma", "generation": 9, "lambda": 8, "sigma_internal": 1.08975771852816, "distribution_mean_search": {"mpc.cost.Q_y": -0.653535238523792, "mpc.cost.Q_psi": 2.7851393119689667, "mpc.cost.R_ddelta": 2.6372623354092672, "mpc.cost.R_tv": -10.18155919295612, "velocity_planner.v_max": 9.031390802631975, "velocity_planner.mux_acc": 0.9820262489608902, "velocity_planner.mux_dec": 0.9296781874359309, "velocity_planner.muy": 1.3613630670758035}, "distribution_center_theta": {"mpc.cost.Q_y": 0.5202034788198937, "mpc.cost.Q_psi": 16.202074862496882, "mpc.cost.R_ddelta": 13.974892621656787, "mpc.cost.R_tv": 3.786212851976465e-05, "velocity_planner.v_max": 9.031390802631975, "velocity_planner.mux_acc": 0.9820262489608902, "velocity_planner.mux_dec": 0.9296781874359309, "velocity_planner.muy": 1.3613630670758035}, "distribution_center_theta_full": {"mpc.cost.Q_y": 0.5202034788198937, "mpc.cost.Q_psi": 16.202074862496882, "mpc.cost.R_ddelta": 13.974892621656787, "mpc.cost.R_tv": 3.786212851976465e-05, "velocity_planner.v_max": 9.031390802631975, "velocity_planner.mux_acc": 0.9820262489608902, "velocity_planner.mux_dec": 0.9296781874359309, "velocity_planner.muy": 1.3613630670758035}, "distribution_cov_diag_search": {"mpc.cost.Q_y": 3.5306854352452866, "mpc.cost.Q_psi": 1.9709556730945468, "mpc.cost.R_ddelta": 2.016983332665106, "mpc.cost.R_tv": 4.201241982669755, "velocity_planner.v_max": 12.399977379393608, "velocity_planner.mux_acc": 0.30954818392755856, "velocity_planner.mux_dec": 0.2765175375510324, "velocity_planner.muy": 0.19998259464330873}, "distribution_std_theta_approx": {"mpc.cost.Q_y": 17.50154387245031, "mpc.cost.Q_psi": 107.88616197885882, "mpc.cost.R_ddelta": 97.79320326714888, "mpc.cost.R_tv": 0.0025090217671808255, "velocity_planner.v_max": 3.5213601604200626, "velocity_planner.mux_acc": 0.5563705455247955, "velocity_planner.mux_dec": 0.5258493487216965, "velocity_planner.muy": 0.44719413529619184}, "distribution_cov_search_matrix": [[3.5306854352452866, -0.2355259556211385, 0.35845401345462297, -0.9211024170587269, 1.018025335314893, -0.1970439369958324, -0.28835066393687825, 0.014401263601937225], [-0.2355259556211385, 1.9709556730945468, 0.014564094316331681, 0.10603078125126371, -0.317420000741767, 0.04061716041491429, 0.01471113377824921, 0.03254409173647909], [0.35845401345462297, 0.014564094316331681, 2.016983332665106, 0.11320334410713806, 0.1901919781309746, 0.06292121020219005, -0.17966422981613545, 0.05854473843964335], [-0.9211024170587269, 0.10603078125126371, 0.11320334410713806, 4.201241982669755, -1.78931329853966, 0.2592183219671638, 0.16623878901913303, 0.136492766608366], [1.018025335314893, -0.317420000741767, 0.1901919781309746, -1.78931329853966, 12.399977379393608, 0.3377604807522829, -0.17869220976522676, -0.16484436858011828], [-0.1970439369958324, 0.04061716041491429, 0.06292121020219005, 0.2592183219671638, 0.3377604807522829, 0.30954818392755856, 0.04882358926230104, 0.010202775026281082], [-0.28835066393687825, 0.01471113377824921, -0.17966422981613545, 0.16623878901913303, -0.17869220976522676, 0.04882358926230104, 0.2765175375510324, -0.006976846651986542], [0.014401263601937225, 0.03254409173647909, 0.05854473843964335, 0.136492766608366, -0.16484436858011828, 0.010202775026281082, -0.006976846651986542, 0.19998259464330873]], "timestamp_unix": 1773892255.7341404, "generation_best_theta": {"mpc.cost.Q_y": 1.3342498036732895, "mpc.cost.Q_psi": 6.748448343940131, "mpc.cost.R_ddelta": 23.135969227072042, "mpc.cost.R_tv": 9.999999999999997e-06, "velocity_planner.v_max": 9.806404544946371, "velocity_planner.mux_acc": 1.3287093868950999, "velocity_planner.mux_dec": 0.35648596061974425, "velocity_planner.muy": 1.2490778223471257}, "generation_best_objective": -18.728144945431755, "global_best_objective_inside_phase": -21.269870571327115}
