{"phase": "unstaged_joint_cma", "generation": 0, "lambda": 0, "sigma_internal": 1.0, "distribution_mean_search": {"mpc.cost.q_ey": 2.302585092994046, "mpc.cost.Q_epsi": 2.302585092994046, "mpc.cost.R_dT": 2.302585092994046, "mpc.cost.R_u_ddelta_cmd": 2.302585092994046, "mpc.cost.R_Mtv": -14.966803104461297, "mpc.cost.Q_beta": 0.0, "mpc.bounds.max_vx": 13.5, "mpc.model.mux": 0.6, "mpc.model.muy": 0.7, "mpc.cost.q_sdot": 0.1}, "distribution_center_theta": {"mpc.cost.q_ey": 10.000000000000002, "mpc.cost.Q_epsi": 10.000000000000002, "mpc.cost.R_dT": 10.000000000000002, "mpc.cost.R_u_ddelta_cmd": 10.000000000000002, "mpc.cost.R_Mtv": 3.162277660168379e-07, "mpc.cost.Q_beta": 1.0, "mpc.bounds.max_vx": 13.5, "mpc.model.mux": 0.6, "mpc.model.muy": 0.7, "mpc.cost.q_sdot": 0.1}, "distribution_center_theta_full": {"mpc.cost.q_ey": 10.000000000000002, "mpc.cost.Q_epsi": 10.000000000000002, "mpc.cost.R_dT": 10.000000000000002, "mpc.cost.R_u_ddelta_cmd": 10.000000000000002, "mpc.cost.R_Mtv": 3.162277660168379e-07, "mpc.cost.Q_beta": 1.0, "mpc.bounds.max_vx": 13.5, "mpc.model.mux": 0.6, "mpc.model.muy": 0.7, "mpc.cost.q_sdot": 0.1}, "distribution_cov_diag_search": {"mpc.cost.q_ey": 1.9086833197722235, "mpc.cost.Q_epsi": 1.9086833197722235, "mpc.cost.R_dT": 1.9086833197722235, "mpc.cost.R_u_ddelta_cmd": 1.9086833197722235, "mpc.cost.R_Mtv": 4.294537469487501, "mpc.cost.Q_beta": 1.9086833197722235, "mpc.bounds.max_vx": 9.0, "mpc.model.mux": 0.15209999999999996, "mpc.model.muy": 0.15209999999999996, "mpc.cost.q_sdot": 0.0729}, "distribution_cov_search_matrix": [[1.9086833197722235, 0.0, 0.0, 0.0, 0.0, 0.0, 0.0, 0.0, 0.0, 0.0], [0.0, 1.9086833197722235, 0.0, 0.0, 0.0, 0.0, 0.0, 0.0, 0.0, 0.0], [0.0, 0.0, 1.9086833197722235, 0.0, 0.0, 0.0, 0.0, 0.0, 0.0, 0.0], [0.0, 0.0, 0.0, 1.9086833197722235, 0.0, 0.0, 0.0, 0.0, 0.0, 0.0], [0.0, 0.0, 0.0, 0.0, 4.294537469487501, 0.0, 0.0, 0.0, 0.0, 0.0], [0.0, 0.0, 0.0, 0.0, 0.0, 1.9086833197722235, 0.0, 0.0, 0.0, 0.0], [0.0, 0.0, 0.0, 0.0, 0.0, 0.0, 9.0, 0.0, 0.0, 0.0], [0.0, 0.0, 0.0, 0.0, 0.0, 0.0, 0.0, 0.15209999999999996, 0.0, 0.0], [0.0, 0.0, 0.0, 0.0, 0.0, 0.0, 0.0, 0.0, 0.15209999999999996, 0.0], [0.0, 0.0, 0.0, 0.0, 0.0, 0.0, 0.0, 0.0, 0.0, 0.0729]], "timestamp_unix": 1774020181.1391673}
{"phase": "unstaged_joint_cma", "generation": 1, "lambda": 8, "sigma_internal": 0.908423404434922, "distribution_mean_search": {"mpc.cost.q_ey": 1.9240659925133246, "mpc.cost.Q_epsi": 3.3338355107332855, "mpc.cost.R_dT": 2.7770966364458496, "mpc.cost.R_u_ddelta_cmd": 2.248529423807561, "mpc.cost.R_Mtv": -15.21391364456108, "mpc.cost.Q_beta": 1.1687677871396673, "mpc.bounds.max_vx": 14.596541518603306, "mpc.model.mux": 0.8298050300387116, "mpc.model.muy": 0.9651638360383403, "mpc.cost.q_sdot": 0.12474844376045657}, "distribution_center_theta": {"mpc.cost.q_ey": 6.848748894905213, "mpc.cost.Q_epsi": 28.045705278161424, "mpc.cost.R_dT": 16.072289442180917, "mpc.cost.R_u_ddelta_cmd": 9.473793651952263, "mpc.cost.R_Mtv": 2.469910725334057e-07, "mpc.cost.Q_beta": 3.218024902812929, "mpc.bounds.max_vx": 14.596541518603306, "mpc.model.mux": 0.8298050300387116, "mpc.model.muy": 0.9651638360383403, "mpc.cost.q_sdot": 0.12474844376045657}, "distribution_center_theta_full": {"mpc.cost.q_ey": 6.848748894905213, "mpc.cost.Q_epsi": 28.045705278161424, "mpc.cost.R_dT": 16.072289442180917, "mpc.cost.R_u_ddelta_cmd": 9.473793651952263, "mpc.cost.R_Mtv": 2.469910725334057e-07, "mpc.cost.Q_beta": 3.218024902812929, "mpc.bounds.max_vx": 14.596541518603306, "mpc.model.mux": 0.8298050300387116, "mpc.model.muy": 0.9651638360383403, "mpc.cost.q_sdot": 0.12474844376045657}, "distribution_cov_diag_search": {"mpc.cost.q_ey": 1.4569997383305475, "mpc.cost.Q_epsi": 1.6129862724218658, "mpc.cost.R_dT": 1.5658206298727562, "mpc.cost.R_u_ddelta_cmd": 1.5436677910667709, "mpc.cost.R_Mtv": 3.470801194979708, "mpc.cost.Q_beta": 1.5884238731913978, "mpc.bounds.max_vx": 7.504715829142839, "mpc.model.mux": 0.12518004796627508, "mpc.model.muy": 0.11617109281360051, "mpc.cost.q_sdot": 0.05990188695192044}, "distribution_std_theta_approx": {"mpc.cost.q_ey": 25.751025611552542, "mpc.cost.Q_epsi": 125.92576549362741, "mpc.cost.R_dT": 68.42521447752557, "mpc.cost.R_u_ddelta_cmd": 39.3326417340545, "mpc.cost.R_Mtv": 7.81937981824571e-06, "mpc.cost.Q_beta": 14.054719746533436, "mpc.bounds.max_vx": 2.73947364089214, "mpc.model.mux": 0.35380792524514637, "mpc.model.muy": 0.34083880766955005, "mpc.cost.q_sdot": 0.24474861991831626}, "distribution_cov_search_matrix": [[1.4569997383305475, -0.03948678888070166, -0.020542228046368377, 0.005802961083969703, -0.05233061478712926, 0.03330072900697016, -0.11166322196941095, 0.00403715882378615, -0.031928762548407444, 0.005058243960583778], [-0.03948678888070166, 1.6129862724218658, 0.011982253561665004, 0.006748801482592094, -0.01633135548565849, 0.06965594636064727, 0.0388218545212598, 0.011048385840362426, 0.004212020701417173, 0.004640435766594727], [-0.020542228046368377, 0.011982253561665004, 1.5658206298727562, 0.0247877139715948, 0.0192977177229609, 0.046342063892681515, 0.022065197122633974, 0.008275230637280213, 0.009282537540730315, 0.0011296448242358568], [0.005802961083969703, 0.006748801482592094, 0.0247877139715948, 1.5436677910667709, -0.032237433454407355, -0.027014207222656513, 0.013097165661872912, -0.0051927818055602995, -0.008410682539745706, -0.0004326677471072619], [-0.05233061478712926, -0.01633135548565849, 0.0192977177229609, -0.032237433454407355, 3.470801194979708, -0.003197182917841832, -0.029460241200947656, -0.001983139661954002, -0.028685497347578758, 0.0048607591462592175], [0.03330072900697016, 0.06965594636064727, 0.046342063892681515, -0.027014207222656513, -0.003197182917841832, 1.5884238731913978, 0.11568089624826017, 0.001626694012522971, 0.017750125700890247, -0.0008620335743517813], [-0.11166322196941095, 0.0388218545212598, 0.022065197122633974, 0.013097165661872912, -0.029460241200947656, 0.11568089624826017, 7.504715829142839, 0.02208620414827936, 0.0021195173148491776, 0.005177936115050644], [0.00403715882378615, 0.011048385840362426, 0.008275230637280213, -0.0051927818055602995, -0.001983139661954002, 0.001626694012522971, 0.02208620414827936, 0.12518004796627508, 0.0017407408225289895, 8.296707756817856e-05], [-0.031928762548407444, 0.004212020701417173, 0.009282537540730315, -0.008410682539745706, -0.028685497347578758, 0.017750125700890247, 0.0021195173148491776, 0.0017407408225289895, 0.11617109281360051, 0.0027769868348098115], [0.005058243960583778, 0.004640435766594727, 0.0011296448242358568, -0.0004326677471072619, 0.0048607591462592175, -0.0008620335743517813, 0.005177936115050644, 8.296707756817856e-05, 0.0027769868348098115, 0.05990188695192044]], "timestamp_unix": 1774021472.8979566, "generation_best_theta": {"mpc.cost.q_ey": 6.786411327265728, "mpc.cost.Q_epsi": 75.07198222326957, "mpc.cost.R_dT": 33.25817745503838, "mpc.cost.R_u_ddelta_cmd": 6.670415940397201, "mpc.cost.R_Mtv": 1.8326241758114933e-07, "mpc.cost.Q_beta": 6.500042984192676, "mpc.bounds.max_vx": 17.366650786366044, "mpc.model.mux": 0.8247297734596565, "mpc.model.muy": 0.9485264794178034, "mpc.cost.q_sdot": 0.29654797433447505}, "generation_best_cost": -20.132556050467677, "global_best_cost_inside_phase": -20.132556050467677}
{"phase": "unstaged_joint_cma", "generation": 2, "lambda": 8, "sigma_internal": 0.8808221331106014, "distribution_mean_search": {"mpc.cost.q_ey": 1.2300568520071722, "mpc.cost.Q_epsi": 3.550303712611202, "mpc.cost.R_dT": 3.893084006466954, "mpc.cost.R_u_ddelta_cmd": 1.5734367295615126, "mpc.cost.R_Mtv": -14.656644045487672, "mpc.cost.Q_beta": 0.8139193620400592, "mpc.bounds.max_vx": 16.42266235002824, "mpc.model.mux": 0.8848642716011731, "mpc.model.muy": 1.0486514918104168, "mpc.cost.q_sdot": 0.36495114234692505}, "distribution_center_theta": {"mpc.cost.q_ey": 3.421424045584878, "mpc.cost.Q_epsi": 34.82389233693705, "mpc.cost.R_dT": 49.06196085143716, "mpc.cost.R_u_ddelta_cmd": 4.823195762186188, "mpc.cost.R_Mtv": 4.312214621618373e-07, "mpc.cost.Q_beta": 2.256735639993231, "mpc.bounds.max_vx": 16.42266235002824, "mpc.model.mux": 0.8848642716011731, "mpc.model.muy": 1.0486514918104168, "mpc.cost.q_sdot": 0.36495114234692505}, "distribution_center_theta_full": {"mpc.cost.q_ey": 3.421424045584878, "mpc.cost.Q_epsi": 34.82389233693705, "mpc.cost.R_dT": 49.06196085143716, "mpc.cost.R_u_ddelta_cmd": 4.823195762186188, "mpc.cost.R_Mtv": 4.312214621618373e-07, "mpc.cost.Q_beta": 2.256735639993231, "mpc.bounds.max_vx": 16.42266235002824, "mpc.model.mux": 0.8848642716011731, "mpc.model.muy": 1.0486514918104168, "mpc.cost.q_sdot": 0.36495114234692505}, "distribution_cov_diag_search": {"mpc.cost.q_ey": 1.3907426658253048, "mpc.cost.Q_epsi": 1.479466219611604, "mpc.cost.R_dT": 1.522068387797292, "mpc.cost.R_u_ddelta_cmd": 1.4646811081667912, "mpc.cost.R_Mtv": 3.120726421141284, "mpc.cost.Q_beta": 1.478539537226874, "mpc.bounds.max_vx": 7.1915649107659565, "mpc.model.mux": 0.12004923505110583, "mpc.model.muy": 0.09639869217242585, "mpc.cost.q_sdot": 0.05779153050440259}, "distribution_std_theta_approx": {"mpc.cost.q_ey": 11.91380334122966, "mpc.cost.Q_epsi": 134.36238064198014, "mpc.cost.R_dT": 198.74763894778854, "mpc.cost.R_u_ddelta_cmd": 18.296083925384416, "mpc.cost.R_Mtv": 9.554658300654531e-06, "mpc.cost.Q_beta": 8.69799651413349, "mpc.bounds.max_vx": 2.68170932630029, "mpc.model.mux": 0.34648121890097566, "mpc.model.muy": 0.310481387803562, "mpc.cost.q_sdot": 0.2403986907293852}, "distribution_cov_search_matrix": [[1.3907426658253048, -0.06868106484392386, -0.05061624300847557, 0.02521793277511992, -0.075849730397817, 0.04055580204532424, -0.1463245499385748, -0.0014461492363092112, -0.02998224130472099, -0.002296925100092031], [-0.06868106484392386, 1.479466219611604, 0.06528327732526594, 0.00980525128252131, -0.005819958801325178, 0.10010758861395902, 0.09030411249753603, 0.011671049134494727, 0.02003602833652539, 0.007724625071457426], [-0.05061624300847557, 0.06528327732526594, 1.522068387797292, -0.030434208804520184, 3.840299060459401e-05, 0.051095622206385125, 0.19757601830781293, 0.007894531333834586, 0.017764494481617307, 0.016225945139066784], [0.02521793277511992, 0.00980525128252131, -0.030434208804520184, 1.4646811081667912, -0.06000691919831333, -0.03328653115806592, -0.05593051266403612, -0.00757854759098535, -0.01233384508933779, -0.004563327907490043], [-0.075849730397817, -0.005819958801325178, 3.840299060459401e-05, -0.06000691919831333, 3.120726421141284, 0.024943470778565267, 0.13687106973736868, 0.003071059947219637, 0.016378813387534885, 0.010835765770891705], [0.04055580204532424, 0.10010758861395902, 0.051095622206385125, -0.03328653115806592, 0.024943470778565267, 1.478539537226874, 0.10705342941283078, 5.701342424827119e-05, 0.002936252423773945, 0.00018441343028542618], [-0.1463245499385748, 0.09030411249753603, 0.19757601830781293, -0.05593051266403612, 0.13687106973736868, 0.10705342941283078, 7.1915649107659565, 0.004382749498860023, -0.03318886230297821, 0.029691947882256806], [-0.0014461492363092112, 0.011671049134494727, 0.007894531333834586, -0.00757854759098535, 0.003071059947219637, 5.701342424827119e-05, 0.004382749498860023, 0.12004923505110583, 0.001723573326355869, 0.0014421736292051077], [-0.02998224130472099, 0.02003602833652539, 0.017764494481617307, -0.01233384508933779, 0.016378813387534885, 0.002936252423773945, -0.03318886230297821, 0.001723573326355869, 0.09639869217242585, 0.0048104709959961075], [-0.002296925100092031, 0.007724625071457426, 0.016225945139066784, -0.004563327907490043, 0.010835765770891705, 0.00018441343028542618, 0.029691947882256806, 0.0014421736292051077, 0.0048104709959961075, 0.05779153050440259]], "timestamp_unix": 1774022975.219904, "generation_best_theta": {"mpc.cost.q_ey": 4.523024926931823, "mpc.cost.Q_epsi": 65.79090756584831, "mpc.cost.R_dT": 95.0713774619481, "mpc.cost.R_u_ddelta_cmd": 2.33668679829051, "mpc.cost.R_Mtv": 2.084307768340798e-07, "mpc.cost.Q_beta": 2.710916433439678, "mpc.bounds.max_vx": 18.0, "mpc.model.mux": 0.569777186630941, "mpc.model.muy": 1.0660981298263303, "mpc.cost.q_sdot": 0.4455309417283265}, "generation_best_cost": -20.493795346240894, "global_best_cost_inside_phase": -20.493795346240894}
{"phase": "unstaged_joint_cma", "generation": 3, "lambda": 8, "sigma_internal": 0.8770433022975176, "distribution_mean_search": {"mpc.cost.q_ey": 0.8263541764442996, "mpc.cost.Q_epsi": 4.167265750204907, "mpc.cost.R_dT": 3.900850307339974, "mpc.cost.R_u_ddelta_cmd": 1.1732532281139614, "mpc.cost.R_Mtv": -15.962741307685356, "mpc.cost.Q_beta": -0.33525735720466127, "mpc.bounds.max_vx": 17.43548262772715, "mpc.model.mux": 1.0531255995340314, "mpc.model.muy": 1.0505603320830703, "mpc.cost.q_sdot": 0.4525039851184287}, "distribution_center_theta": {"mpc.cost.q_ey": 2.2849729277046062, "mpc.cost.Q_epsi": 64.53874558571431, "mpc.cost.R_dT": 49.44447423522333, "mpc.cost.R_u_ddelta_cmd": 3.2324915840358583, "mpc.cost.R_Mtv": 1.1680717861624983e-07, "mpc.cost.Q_beta": 0.7151540126296339, "mpc.bounds.max_vx": 17.43548262772715, "mpc.model.mux": 1.0531255995340314, "mpc.model.muy": 1.0505603320830703, "mpc.cost.q_sdot": 0.4525039851184287}, "distribution_center_theta_full": {"mpc.cost.q_ey": 2.2849729277046062, "mpc.cost.Q_epsi": 64.53874558571431, "mpc.cost.R_dT": 49.44447423522333, "mpc.cost.R_u_ddelta_cmd": 3.2324915840358583, "mpc.cost.R_Mtv": 1.1680717861624983e-07, "mpc.cost.Q_beta": 0.7151540126296339, "mpc.bounds.max_vx": 17.43548262772715, "mpc.model.mux": 1.0531255995340314, "mpc.model.muy": 1.0505603320830703, "mpc.cost.q_sdot": 0.4525039851184287}, "distribution_cov_diag_search": {"mpc.cost.q_ey": 1.3979015115342257, "mpc.cost.Q_epsi": 1.4418359932561138, "mpc.cost.R_dT": 1.3974879327450251, "mpc.cost.R_u_ddelta_cmd": 1.4634693038891282, "mpc.cost.R_Mtv": 3.1604963614023767, "mpc.cost.Q_beta": 1.5204692314114117, "mpc.bounds.max_vx": 7.348402595273967, "mpc.model.mux": 0.11920119767242995, "mpc.model.muy": 0.0926240371692207, "mpc.cost.q_sdot": 0.058218655355609834}, "distribution_std_theta_approx": {"mpc.cost.q_ey": 8.02317559666076, "mpc.cost.Q_epsi": 238.4560807690793, "mpc.cost.R_dT": 173.52973420253593, "mpc.cost.R_u_ddelta_cmd": 12.24489887574579, "mpc.cost.R_Mtv": 2.6955455158206863e-06, "mpc.cost.Q_beta": 2.891779003915935, "mpc.bounds.max_vx": 2.7107937205316763, "mpc.model.mux": 0.34525526451081084, "mpc.model.muy": 0.30434197405093616, "mpc.cost.q_sdot": 0.2412854230068817}, "distribution_cov_search_matrix": [[1.3979015115342257, -0.08785809234118017, -0.05432501334603679, 0.03490277609399417, -0.06264718749223479, 0.080192084511321, -0.17998450389887974, -0.011674635410015559, -0.033114492585991875, -0.005932949694685506], [-0.08785809234118017, 1.4418359932561138, 0.09574701232697254, -0.02719100684300987, -0.0772328099660769, 0.0900010029758658, 0.24508340927668215, 0.024490520517304284, 0.038316998987806064, 0.030288066637705648], [-0.05432501334603679, 0.09574701232697254, 1.3974879327450251, -0.02359861506718553, -0.09409906027254489, 0.015831091416080287, 0.3665678045885999, 0.010905550862979587, 0.02539214838722683, 0.02021215539908615], [0.03490277609399417, -0.02719100684300987, -0.02359861506718553, 1.4634693038891282, -0.025718451518110745, -0.007779778886994992, -0.1308088358829804, -0.01631175423880305, -0.015461273720594231, -0.009074028864765889], [-0.06264718749223479, -0.0772328099660769, -0.09409906027254489, -0.025718451518110745, 3.1604963614023767, 0.0253150628472047, 0.04694099037754132, -0.019883913893441435, 0.01092476574672928, -0.0045011986000785455], [0.080192084511321, 0.0900010029758658, 0.015831091416080287, -0.007779778886994992, 0.0253150628472047, 1.5204692314114117, 0.11108097232080985, -0.0046951023568991765, 0.0030933152585735403, -0.0017734730370256575], [-0.17998450389887974, 0.24508340927668215, 0.3665678045885999, -0.1308088358829804, 0.04694099037754132, 0.11108097232080985, 7.348402595273967, 0.04508509011260146, -0.015899076657888162, 0.05940097164996788], [-0.011674635410015559, 0.024490520517304284, 0.010905550862979587, -0.01631175423880305, -0.019883913893441435, -0.0046951023568991765, 0.04508509011260146, 0.11920119767242995, 0.0020336852219311474, 0.0035865264853432665], [-0.033114492585991875, 0.038316998987806064, 0.02539214838722683, -0.015461273720594231, 0.01092476574672928, 0.0030933152585735403, -0.015899076657888162, 0.0020336852219311474, 0.0926240371692207, 0.004072426155333677], [-0.005932949694685506, 0.030288066637705648, 0.02021215539908615, -0.009074028864765889, -0.0045011986000785455, -0.0017734730370256575, 0.05940097164996788, 0.0035865264853432665, 0.004072426155333677, 0.058218655355609834]], "timestamp_unix": 1774024880.8399303, "generation_best_theta": {"mpc.cost.q_ey": 1.5481114142367225, "mpc.cost.Q_epsi": 20.020141262442973, "mpc.cost.R_dT": 13.27466671633993, "mpc.cost.R_u_ddelta_cmd": 4.47148378335908, "mpc.cost.R_Mtv": 4.711114985006468e-07, "mpc.cost.Q_beta": 0.20092352562491114, "mpc.bounds.max_vx": 15.606973489921455, "mpc.model.mux": 0.8783699518501714, "mpc.model.muy": 1.0415617276860778, "mpc.cost.q_sdot": 0.2392558026664059}, "generation_best_cost": -22.73456993695126, "global_best_cost_inside_phase": -22.73456993695126}
{"phase": "unstaged_joint_cma", "generation": 4, "lambda": 8, "sigma_internal": 0.8792330593710268, "distribution_mean_search": {"mpc.cost.q_ey": 0.05920669842022752, "mpc.cost.Q_epsi": 3.9468214204150547, "mpc.cost.R_dT": 4.090483279239688, "mpc.cost.R_u_ddelta_cmd": 1.3145790616514716, "mpc.cost.R_Mtv": -16.846374642407863, "mpc.cost.Q_beta": -1.2317661650000982, "mpc.bounds.max_vx": 18.59320411985866, "mpc.model.mux": 1.1709357370805737, "mpc.model.muy": 0.9806710710461564, "mpc.cost.q_sdot": 0.43685567140772863}, "distribution_center_theta": {"mpc.cost.q_ey": 1.0609945239686043, "mpc.cost.Q_epsi": 51.77054822138213, "mpc.cost.R_dT": 59.768769731100434, "mpc.cost.R_u_ddelta_cmd": 3.723183424669133, "mpc.cost.R_Mtv": 4.827390736682741e-08, "mpc.cost.Q_beta": 0.2917767963718935, "mpc.bounds.max_vx": 18.59320411985866, "mpc.model.mux": 1.1709357370805737, "mpc.model.muy": 0.9806710710461564, "mpc.cost.q_sdot": 0.43685567140772863}, "distribution_center_theta_full": {"mpc.cost.q_ey": 1.0609945239686043, "mpc.cost.Q_epsi": 51.77054822138213, "mpc.cost.R_dT": 59.768769731100434, "mpc.cost.R_u_ddelta_cmd": 3.723183424669133, "mpc.cost.R_Mtv": 4.827390736682741e-08, "mpc.cost.Q_beta": 0.2917767963718935, "mpc.bounds.max_vx": 18.59320411985866, "mpc.model.mux": 1.1709357370805737, "mpc.model.muy": 0.9806710710461564, "mpc.cost.q_sdot": 0.43685567140772863}, "distribution_cov_diag_search": {"mpc.cost.q_ey": 1.403815775257873, "mpc.cost.Q_epsi": 1.4026282377596615, "mpc.cost.R_dT": 1.397243879605716, "mpc.cost.R_u_ddelta_cmd": 1.4179227862860653, "mpc.cost.R_Mtv": 3.225184882747698, "mpc.cost.Q_beta": 1.6044601215177818, "mpc.bounds.max_vx": 7.514040185413241, "mpc.model.mux": 0.12048392108573716, "mpc.model.muy": 0.08928778224788178, "mpc.cost.q_sdot": 0.05601799361983135}, "distribution_std_theta_approx": {"mpc.cost.q_ey": 3.7511703735760253, "mpc.cost.Q_epsi": 182.7833473789348, "mpc.cost.R_dT": 209.70416545517142, "mpc.cost.R_u_ddelta_cmd": 13.380828650382943, "mpc.cost.R_Mtv": 1.190104131584993e-06, "mpc.cost.Q_beta": 1.29757613991785, "mpc.bounds.max_vx": 2.7411749643926857, "mpc.model.mux": 0.34710793866712003, "mpc.model.muy": 0.29881061267612596, "mpc.cost.q_sdot": 0.23668120673139925}, "distribution_cov_search_matrix": [[1.403815775257873, -0.14832978618240977, -0.11026628600672755, 0.06978689942936572, -0.0016698497660886736, 0.150984084783362, -0.34785338824969714, -0.01449084591235849, -0.023672197554540926, -0.006223647952067586], [-0.14832978618240977, 1.4026282377596615, 0.11617095848044073, -0.019936711488268286, -0.08026531090278559, 0.06770112039517763, 0.2243978256244914, 0.03853409627627284, 0.04696500730669549, 0.03271844659337129], [-0.11026628600672755, 0.11617095848044073, 1.397243879605716, -0.004387233744132523, -0.10309316933220847, -0.014996948592328817, 0.4202703577768907, 0.01676426119680024, 0.03365671912164852, 0.030644638841207827], [0.06978689942936572, -0.019936711488268286, -0.004387233744132523, 1.4179227862860653, -0.025817687113472182, -0.00943929171168034, -0.16090988126953348, -0.02377790007294346, -0.018539130682546826, -0.008254774825381105], [-0.0016698497660886736, -0.08026531090278559, -0.10309316933220847, -0.025817687113472182, 3.225184882747698, 0.06901083709753339, -0.044431995831450875, -0.03413344981141912, 0.0030773398786675, -0.01409607483964749], [0.150984084783362, 0.06770112039517763, -0.014996948592328817, -0.00943929171168034, 0.06901083709753339, 1.6044601215177818, -0.007481594712427074, -0.015369155100244685, 0.0009507278389628514, -0.009221768724559903], [-0.34785338824969714, 0.2243978256244914, 0.4202703577768907, -0.16090988126953348, -0.044431995831450875, -0.007481594712427074, 7.514040185413241, 0.07694524032829621, 0.0018024279692873911, 0.08125651026607093], [-0.01449084591235849, 0.03853409627627284, 0.01676426119680024, -0.02377790007294346, -0.03413344981141912, -0.015369155100244685, 0.07694524032829621, 0.12048392108573716, 0.0013403524594556308, 0.005155450595381419], [-0.023672197554540926, 0.04696500730669549, 0.03365671912164852, -0.018539130682546826, 0.0030773398786675, 0.0009507278389628514, 0.0018024279692873911, 0.0013403524594556308, 0.08928778224788178, 0.0010498909222312841], [-0.006223647952067586, 0.03271844659337129, 0.030644638841207827, -0.008254774825381105, -0.01409607483964749, -0.009221768724559903, 0.08125651026607093, 0.005155450595381419, 0.0010498909222312841, 0.05601799361983135]], "timestamp_unix": 1774026663.7782364, "generation_best_theta": {"mpc.cost.q_ey": 1.0, "mpc.cost.Q_epsi": 38.78312715848105, "mpc.cost.R_dT": 66.06217833471028, "mpc.cost.R_u_ddelta_cmd": 4.359982542988531, "mpc.cost.R_Mtv": 4.2799063289686196e-08, "mpc.cost.Q_beta": 0.19618768945849904, "mpc.bounds.max_vx": 18.0, "mpc.model.mux": 1.271840973652447, "mpc.model.muy": 0.9493884224860696, "mpc.cost.q_sdot": 0.5727989611111758}, "generation_best_cost": -20.554668776891532, "global_best_cost_inside_phase": -22.73456993695126}
{"phase": "unstaged_joint_cma", "generation": 5, "lambda": 8, "sigma_internal": 0.8710703532749849, "distribution_mean_search": {"mpc.cost.q_ey": 1.3410121900948424, "mpc.cost.Q_epsi": 3.2089799118986093, "mpc.cost.R_dT": 4.268038680865001, "mpc.cost.R_u_ddelta_cmd": 1.9085434688880383, "mpc.cost.R_Mtv": -17.646710179263987, "mpc.cost.Q_beta": -2.2735118163785852, "mpc.bounds.max_vx": 16.638551650849433, "mpc.model.mux": 0.905122093862118, "mpc.model.muy": 1.0658485215073075, "mpc.cost.q_sdot": 0.614311948290923}, "distribution_center_theta": {"mpc.cost.q_ey": 3.8229110603944836, "mpc.cost.Q_epsi": 24.7538222614915, "mpc.cost.R_dT": 71.38149634056086, "mpc.cost.R_u_ddelta_cmd": 6.743259874398941, "mpc.cost.R_Mtv": 2.1683587927344924e-08, "mpc.cost.Q_beta": 0.10295000299890815, "mpc.bounds.max_vx": 16.638551650849433, "mpc.model.mux": 0.905122093862118, "mpc.model.muy": 1.0658485215073075, "mpc.cost.q_sdot": 0.614311948290923}, "distribution_center_theta_full": {"mpc.cost.q_ey": 3.8229110603944836, "mpc.cost.Q_epsi": 24.7538222614915, "mpc.cost.R_dT": 71.38149634056086, "mpc.cost.R_u_ddelta_cmd": 6.743259874398941, "mpc.cost.R_Mtv": 2.1683587927344924e-08, "mpc.cost.Q_beta": 0.10295000299890815, "mpc.bounds.max_vx": 16.638551650849433, "mpc.model.mux": 0.905122093862118, "mpc.model.muy": 1.0658485215073075, "mpc.cost.q_sdot": 0.614311948290923}, "distribution_cov_diag_search": {"mpc.cost.q_ey": 1.3943603250235619, "mpc.cost.Q_epsi": 1.3807342108237335, "mpc.cost.R_dT": 1.3044416674964592, "mpc.cost.R_u_ddelta_cmd": 1.3520732549258185, "mpc.cost.R_Mtv": 3.1305778048585777, "mpc.cost.Q_beta": 1.6663214455133164, "mpc.bounds.max_vx": 7.3485388872688935, "mpc.model.mux": 0.11774842522822963, "mpc.model.muy": 0.08047802477414108, "mpc.cost.q_sdot": 0.0566360889537829}, "distribution_std_theta_approx": {"mpc.cost.q_ey": 13.36806441123117, "mpc.cost.Q_epsi": 85.19501724686151, "mpc.cost.R_dT": 224.57670422869325, "mpc.cost.R_u_ddelta_cmd": 22.442119501218077, "mpc.cost.R_Mtv": 4.85313734455345e-07, "mpc.cost.Q_beta": 0.49071218832578256, "mpc.bounds.max_vx": 2.710818859176853, "mpc.model.mux": 0.34314490412685666, "mpc.model.muy": 0.28368649029190846, "mpc.cost.q_sdot": 0.23798337957467303}, "distribution_cov_search_matrix": [[1.3943603250235619, -0.1356365202342601, -0.10470232026411638, 0.11190517674673536, -0.02874378532522404, 0.12660349600941473, -0.3725578172219827, -0.023383165318422904, -0.00653651857542594, 0.00041050607522543644], [-0.1356365202342601, 1.3807342108237335, 0.09283982037629929, -0.017072694681338735, -0.10492660267874643, 0.09484625276258908, 0.23168520967315007, 0.041910927659519204, 0.03846614900217762, 0.02952593311613531], [-0.10470232026411638, 0.09283982037629929, 1.3044416674964592, 0.04489260350043217, -0.10005852882577869, -0.0751526706042552, 0.3414669718499702, 0.019970923550476315, 0.03177988617423577, 0.028268357466385622], [0.11190517674673536, -0.017072694681338735, 0.04489260350043217, 1.3520732549258185, -0.029708856530258197, -0.002611823858349776, -0.09995308043595907, -0.022837892943755773, -0.027571870323407466, -0.000664126186508774], [-0.02874378532522404, -0.10492660267874643, -0.10005852882577869, -0.029708856530258197, 3.1305778048585777, 0.14575899635133224, -0.11016860597060821, -0.0418038377165077, 0.006985898938683233, -0.024660967475509568], [0.12660349600941473, 0.09484625276258908, -0.0751526706042552, -0.002611823858349776, 0.14575899635133224, 1.6663214455133164, -0.005558308609041571, -0.006813554485977964, -0.0014719169055279842, -0.026870853961919045], [-0.3725578172219827, 0.23168520967315007, 0.3414669718499702, -0.09995308043595907, -0.11016860597060821, -0.005558308609041571, 7.3485388872688935, 0.08136946929450622, 0.007098502501919999, 0.07297646943278747], [-0.023383165318422904, 0.041910927659519204, 0.019970923550476315, -0.022837892943755773, -0.0418038377165077, -0.006813554485977964, 0.08136946929450622, 0.11774842522822963, 0.003110453871586937, 0.004933987364096456], [-0.00653651857542594, 0.03846614900217762, 0.03177988617423577, -0.027571870323407466, 0.006985898938683233, -0.0014719169055279842, 0.007098502501919999, 0.003110453871586937, 0.08047802477414108, 0.0020177160165579596], [0.00041050607522543644, 0.02952593311613531, 0.028268357466385622, -0.000664126186508774, -0.024660967475509568, -0.026870853961919045, 0.07297646943278747, 0.004933987364096456, 0.0020177160165579596, 0.0566360889537829]], "timestamp_unix": 1774028022.970803, "generation_best_theta": {"mpc.cost.q_ey": 10.684744457229664, "mpc.cost.Q_epsi": 47.18641694684548, "mpc.cost.R_dT": 41.57779842418891, "mpc.cost.R_u_ddelta_cmd": 12.40266912899243, "mpc.cost.R_Mtv": 1.0606122278841226e-08, "mpc.cost.Q_beta": 0.1996167419880462, "mpc.bounds.max_vx": 17.47027856419573, "mpc.model.mux": 0.9544582799099037, "mpc.model.muy": 1.008936558826368, "mpc.cost.q_sdot": 0.7044461996839617}, "generation_best_cost": -22.364921890653804, "global_best_cost_inside_phase": -22.73456993695126}
{"phase": "unstaged_joint_cma", "generation": 6, "lambda": 8, "sigma_internal": 0.8422278075386458, "distribution_mean_search": {"mpc.cost.q_ey": 1.775415648960048, "mpc.cost.Q_epsi": 4.6201836443730535, "mpc.cost.R_dT": 4.024412037165587, "mpc.cost.R_u_ddelta_cmd": 2.680924071164047, "mpc.cost.R_Mtv": -17.6472595074927, "mpc.cost.Q_beta": -2.203705272491584, "mpc.bounds.max_vx": 15.903902586117209, "mpc.model.mux": 0.9867807856314477, "mpc.model.muy": 0.9230696881792743, "mpc.cost.q_sdot": 0.6419470023579915}, "distribution_center_theta": {"mpc.cost.q_ey": 5.902734091786198, "mpc.cost.Q_epsi": 101.51267264900558, "mpc.cost.R_dT": 55.947404114930045, "mpc.cost.R_u_ddelta_cmd": 14.598577189099402, "mpc.cost.R_Mtv": 2.1671679791433748e-08, "mpc.cost.Q_beta": 0.11039336213985088, "mpc.bounds.max_vx": 15.903902586117209, "mpc.model.mux": 0.9867807856314477, "mpc.model.muy": 0.9230696881792743, "mpc.cost.q_sdot": 0.6419470023579915}, "distribution_center_theta_full": {"mpc.cost.q_ey": 5.902734091786198, "mpc.cost.Q_epsi": 101.51267264900558, "mpc.cost.R_dT": 55.947404114930045, "mpc.cost.R_u_ddelta_cmd": 14.598577189099402, "mpc.cost.R_Mtv": 2.1671679791433748e-08, "mpc.cost.Q_beta": 0.11039336213985088, "mpc.bounds.max_vx": 15.903902586117209, "mpc.model.mux": 0.9867807856314477, "mpc.model.muy": 0.9230696881792743, "mpc.cost.q_sdot": 0.6419470023579915}, "distribution_cov_diag_search": {"mpc.cost.q_ey": 1.2223615421390688, "mpc.cost.Q_epsi": 1.308916712117154, "mpc.cost.R_dT": 1.1978704151460917, "mpc.cost.R_u_ddelta_cmd": 1.2838161406927586, "mpc.cost.R_Mtv": 2.902448602005008, "mpc.cost.Q_beta": 1.5504910163249468, "mpc.bounds.max_vx": 6.645982277945101, "mpc.model.mux": 0.10782459678810635, "mpc.model.muy": 0.07229724914638418, "mpc.cost.q_sdot": 0.053431302820226255}, "distribution_std_theta_approx": {"mpc.cost.q_ey": 16.83279367851585, "mpc.cost.Q_epsi": 321.07280946078595, "mpc.cost.R_dT": 154.87705428848815, "mpc.cost.R_u_ddelta_cmd": 44.816760825197534, "mpc.cost.R_Mtv": 3.8384110004917354e-07, "mpc.cost.Q_beta": 0.4618874226985608, "mpc.bounds.max_vx": 2.5779802710542805, "mpc.model.mux": 0.32836655857152436, "mpc.model.muy": 0.2688814778789796, "mpc.cost.q_sdot": 0.23115212051855863}, "distribution_cov_search_matrix": [[1.2223615421390688, -0.06225159725264814, -0.05609432992421763, 0.10074109393757398, -0.014917508487553778, 0.14946922616292227, -0.3245710013303784, -0.007858524422450044, 0.00853443343553009, 0.003974893157985073], [-0.06225159725264814, 1.308916712117154, 0.08910451855110539, 0.04284503370428059, -0.20737602218860635, 0.016508528485490545, 0.24203976707034486, 0.026378192108283786, 0.018238495332090564, 0.029966225334042154], [-0.05609432992421763, 0.08910451855110539, 1.1978704151460917, 0.05344688103152114, -0.108987733436399, -0.0874692952818911, 0.279535240083219, 0.015326742625310447, 0.026057653300543174, 0.029781501155658523], [0.10074109393757398, 0.04284503370428059, 0.05344688103152114, 1.2838161406927586, -0.028708545855008417, -0.01359113987594512, -0.10723587694963971, -0.015459821115933577, -0.024704286695422704, 0.0054182525335979585], [-0.014917508487553778, -0.20737602218860635, -0.108987733436399, -0.028708545855008417, 2.902448602005008, 0.15779628839142795, -0.03334834771369009, -0.05104534330163868, 0.00041440059929341875, -0.03157775657485377], [0.14946922616292227, 0.016508528485490545, -0.0874692952818911, -0.01359113987594512, 0.15779628839142795, 1.5504910163249468, -0.0295553141022601, -0.014414802626117062, -0.011851604251423092, -0.03579841184440433], [-0.3245710013303784, 0.24203976707034486, 0.279535240083219, -0.10723587694963971, -0.03334834771369009, -0.0295553141022601, 6.645982277945101, 0.08116684362858825, 0.0025225624291956767, 0.0658487595830583], [-0.007858524422450044, 0.026378192108283786, 0.015326742625310447, -0.015459821115933577, -0.05104534330163868, -0.014414802626117062, 0.08116684362858825, 0.10782459678810635, 0.0003020034182598681, 0.004173265765030001], [0.00853443343553009, 0.018238495332090564, 0.026057653300543174, -0.024704286695422704, 0.00041440059929341875, -0.011851604251423092, 0.0025225624291956767, 0.0003020034182598681, 0.07229724914638418, 0.0004488456466918489], [0.003974893157985073, 0.029966225334042154, 0.029781501155658523, 0.0054182525335979585, -0.03157775657485377, -0.03579841184440433, 0.0658487595830583, 0.004173265765030001, 0.0004488456466918489, 0.053431302820226255]], "timestamp_unix": 1774029645.9160104, "generation_best_theta": {"mpc.cost.q_ey": 12.647957481137695, "mpc.cost.Q_epsi": 33.55615484358776, "mpc.cost.R_dT": 38.22495247232682, "mpc.cost.R_u_ddelta_cmd": 16.412001004075872, "mpc.cost.R_Mtv": 5.8099175942850614e-08, "mpc.cost.Q_beta": 0.12310534450234124, "mpc.bounds.max_vx": 14.8264208945205, "mpc.model.mux": 1.0967543489638878, "mpc.model.muy": 0.9255403683758479, "mpc.cost.q_sdot": 0.6480131707442429}, "generation_best_cost": -20.935132411833404, "global_best_cost_inside_phase": -22.73456993695126}
{"phase": "unstaged_joint_cma", "generation": 7, "lambda": 8, "sigma_internal": 0.7880947573936653, "distribution_mean_search": {"mpc.cost.q_ey": 0.9190224650285908, "mpc.cost.Q_epsi": 4.395053076072113, "mpc.cost.R_dT": 4.019819269815348, "mpc.cost.R_u_ddelta_cmd": 1.6555404892167125, "mpc.cost.R_Mtv": -14.96930248281231, "mpc.cost.Q_beta": -2.244732090628554, "mpc.bounds.max_vx": 15.380538630755272, "mpc.model.mux": 0.8405647602271177, "mpc.model.muy": 1.013750099529158, "mpc.cost.q_sdot": 0.6590379958151882}, "distribution_center_theta": {"mpc.cost.q_ey": 2.5068386693432574, "mpc.cost.Q_epsi": 81.04893240755041, "mpc.cost.R_dT": 55.69103986529315, "mpc.cost.R_u_ddelta_cmd": 5.235909109950068, "mpc.cost.R_Mtv": 3.1543838008245773e-07, "mpc.cost.Q_beta": 0.10595592315614263, "mpc.bounds.max_vx": 15.380538630755272, "mpc.model.mux": 0.8405647602271177, "mpc.model.muy": 1.013750099529158, "mpc.cost.q_sdot": 0.6590379958151882}, "distribution_center_theta_full": {"mpc.cost.q_ey": 2.5068386693432574, "mpc.cost.Q_epsi": 81.04893240755041, "mpc.cost.R_dT": 55.69103986529315, "mpc.cost.R_u_ddelta_cmd": 5.235909109950068, "mpc.cost.R_Mtv": 3.1543838008245773e-07, "mpc.cost.Q_beta": 0.10595592315614263, "mpc.bounds.max_vx": 15.380538630755272, "mpc.model.mux": 0.8405647602271177, "mpc.model.muy": 1.013750099529158, "mpc.cost.q_sdot": 0.6590379958151882}, "distribution_cov_diag_search": {"mpc.cost.q_ey": 1.0200238219124038, "mpc.cost.Q_epsi": 1.1312257604996234, "mpc.cost.R_dT": 1.0350427379952571, "mpc.cost.R_u_ddelta_cmd": 1.0791781301807148, "mpc.cost.R_Mtv": 2.694005207802025, "mpc.cost.Q_beta": 1.3412015173882104, "mpc.bounds.max_vx": 5.6367161730573265, "mpc.model.mux": 0.09051010251039598, "mpc.model.muy": 0.06260988040059949, "mpc.cost.q_sdot": 0.047407434938893524}, "distribution_std_theta_approx": {"mpc.cost.q_ey": 5.559145667606288, "mpc.cost.Q_epsi": 206.74878544857958, "mpc.cost.R_dT": 125.89469194726487, "mpc.cost.R_u_ddelta_cmd": 12.516600203601561, "mpc.cost.R_Mtv": 4.505106115713802e-06, "mpc.cost.Q_beta": 0.34815105864621365, "mpc.bounds.max_vx": 2.3741769464505644, "mpc.model.mux": 0.30084896960168567, "mpc.model.muy": 0.25021966429639275, "mpc.cost.q_sdot": 0.21773248480392982}, "distribution_cov_search_matrix": [[1.0200238219124038, -0.07956721232998862, -0.02329784308539167, 0.12168076885699745, -0.09982828066043951, 0.13518259180743764, -0.17997083394655333, 0.005738389696966066, -0.0014072870231139362, -0.00516771352720317], [-0.07956721232998862, 1.1312257604996234, 0.07550978457874677, 0.07321394526652679, -0.1754769206880896, 0.011776004569559417, 0.15468661728518535, 0.013939072870680577, 0.014832472482426706, 0.028910135283621817], [-0.02329784308539167, 0.07550978457874677, 1.0350427379952571, 0.04049533615233522, -0.07325227357545125, -0.0943840557308151, 0.19733494989227024, 0.005701387230033612, 0.025463884221406143, 0.029648249715194787], [0.12168076885699745, 0.07321394526652679, 0.04049533615233522, 1.0791781301807148, -0.061170013847474836, -0.0017678014511139744, -0.006704789758076016, -0.00039177490093990027, -0.022053662476586085, 0.002680486960791987], [-0.09982828066043951, -0.1754769206880896, -0.07325227357545125, -0.061170013847474836, 2.694005207802025, 0.10878468734344018, -0.06806083072801106, -0.052451742159537046, 0.002308895285554282, -0.021477910407304093], [0.13518259180743764, 0.011776004569559417, -0.0943840557308151, -0.0017678014511139744, 0.10878468734344018, 1.3412015173882104, -0.03505134050068254, -0.012758853924423042, -0.013359934703437795, -0.03307533553487666], [-0.17997083394655333, 0.15468661728518535, 0.19733494989227024, -0.006704789758076016, -0.06806083072801106, -0.03505134050068254, 5.6367161730573265, 0.04490065975043506, 0.008937381516685546, 0.059739871809223216], [0.005738389696966066, 0.013939072870680577, 0.005701387230033612, -0.00039177490093990027, -0.052451742159537046, -0.012758853924423042, 0.04490065975043506, 0.09051010251039598, 0.0009298813382174736, 0.003906387955864734], [-0.0014072870231139362, 0.014832472482426706, 0.025463884221406143, -0.022053662476586085, 0.002308895285554282, -0.013359934703437795, 0.008937381516685546, 0.0009298813382174736, 0.06260988040059949, 4.4115607695662976e-05], [-0.00516771352720317, 0.028910135283621817, 0.029648249715194787, 0.002680486960791987, -0.021477910407304093, -0.03307533553487666, 0.059739871809223216, 0.003906387955864734, 4.4115607695662976e-05, 0.047407434938893524]], "timestamp_unix": 1774031543.7709494, "generation_best_theta": {"mpc.cost.q_ey": 1.0, "mpc.cost.Q_epsi": 100.0, "mpc.cost.R_dT": 52.788686305707756, "mpc.cost.R_u_ddelta_cmd": 3.2796369220713992, "mpc.cost.R_Mtv": 6.71190203553646e-07, "mpc.cost.Q_beta": 0.14556087962808945, "mpc.bounds.max_vx": 15.289396682067768, "mpc.model.mux": 0.7847495958400503, "mpc.model.muy": 0.9434569973328265, "mpc.cost.q_sdot": 0.7837836558133612}, "generation_best_cost": -21.4184338284535, "global_best_cost_inside_phase": -22.73456993695126}
