{"phase": "phase1_cost_only_cma", "generation": 1, "lambda": 8, "sigma_internal": 1.0677446294263448, "distribution_mean_search": {"mpc.cost.Q_y": 3.5312265549673265, "mpc.cost.Q_psi": 3.6596621152717455, "mpc.cost.R_ddelta": 2.1769369393335865}, "distribution_center_theta": {"mpc.cost.Q_y": 34.16584821591626, "mpc.cost.Q_psi": 38.84821443513073, "mpc.cost.R_ddelta": 8.819250943166704}, "distribution_center_theta_full": {"velocity_planner.v_max": 8.0, "velocity_planner.mux_acc": 0.4, "velocity_planner.mux_dec": 0.35, "velocity_planner.muy": 0.5, "mpc.cost.Q_y": 34.16584821591626, "mpc.cost.Q_psi": 38.84821443513073, "mpc.cost.R_ddelta": 8.819250943166704}, "distribution_cov_diag_search": {"mpc.cost.Q_y": 2.6566999213696696, "mpc.cost.Q_psi": 2.0515060826705365, "mpc.cost.R_ddelta": 1.8730414522899113}, "distribution_std_theta_approx": {"mpc.cost.Q_y": 469.44194995682966, "mpc.cost.Q_psi": 282.13195119971857, "mpc.cost.R_ddelta": 52.8027846146536}, "distribution_cov_search_matrix": [[2.6566999213696696, 0.5523523283365814, -0.047029259884620346], [0.5523523283365814, 2.0515060826705365, -0.09393837592160255], [-0.047029259884620346, -0.09393837592160255, 1.8730414522899113]], "timestamp_unix": 1773613088.8601155, "generation_best_theta": {"velocity_planner.v_max": 8.0, "velocity_planner.mux_acc": 0.4, "velocity_planner.mux_dec": 0.35, "velocity_planner.muy": 0.5, "mpc.cost.Q_y": 38.215382341784355, "mpc.cost.Q_psi": 55.68117760325453, "mpc.cost.R_ddelta": 3.9375433323525306}, "generation_best_cost": -8.923573970145146, "global_best_cost_inside_phase": -8.923573970145146}
{"phase": "phase1_cost_only_cma", "generation": 2, "lambda": 8, "sigma_internal": 1.0088726026588168, "distribution_mean_search": {"mpc.cost.Q_y": 4.254585291603352, "mpc.cost.Q_psi": 3.3474323788151743, "mpc.cost.R_ddelta": 2.528028761656743}, "distribution_center_theta": {"mpc.cost.Q_y": 70.42760421259526, "mpc.cost.Q_psi": 28.429643295356684, "mpc.cost.R_ddelta": 12.52878455809633}, "distribution_center_theta_full": {"velocity_planner.v_max": 8.0, "velocity_planner.mux_acc": 0.4, "velocity_planner.mux_dec": 0.35, "velocity_planner.muy": 0.5, "mpc.cost.Q_y": 70.42760421259526, "mpc.cost.Q_psi": 28.429643295356684, "mpc.cost.R_ddelta": 12.52878455809633}, "distribution_cov_diag_search": {"mpc.cost.Q_y": 2.3461295775158835, "mpc.cost.Q_psi": 1.734879620198804, "mpc.cost.R_ddelta": 1.294468997733719}, "distribution_std_theta_approx": {"mpc.cost.Q_y": 699.5213037892763, "mpc.cost.Q_psi": 146.2421534393682, "mpc.cost.R_ddelta": 38.95336945001152}, "distribution_cov_search_matrix": [[2.3461295775158835, 0.6040472397661867, 0.3195867258667865], [0.6040472397661867, 1.734879620198804, -0.12563004099296485], [0.3195867258667865, -0.12563004099296485, 1.294468997733719]], "timestamp_unix": 1773615023.6678517, "generation_best_theta": {"velocity_planner.v_max": 8.0, "velocity_planner.mux_acc": 0.4, "velocity_planner.mux_dec": 0.35, "velocity_planner.muy": 0.5, "mpc.cost.Q_y": 55.91007122373945, "mpc.cost.Q_psi": 52.820953513375585, "mpc.cost.R_ddelta": 11.313368452096581}, "generation_best_cost": -9.572217261162056, "global_best_cost_inside_phase": -9.572217261162056}
{"phase": "phase1_cost_only_cma", "generation": 3, "lambda": 8, "sigma_internal": 0.9163831148889264, "distribution_mean_search": {"mpc.cost.Q_y": 4.319451519447466, "mpc.cost.Q_psi": 2.838844114465654, "mpc.cost.R_ddelta": 1.955584125644484}, "distribution_center_theta": {"mpc.cost.Q_y": 75.14740009909781, "mpc.cost.Q_psi": 17.095993100890208, "mpc.cost.R_ddelta": 7.068046445302556}, "distribution_center_theta_full": {"velocity_planner.v_max": 8.0, "velocity_planner.mux_acc": 0.4, "velocity_planner.mux_dec": 0.35, "velocity_planner.muy": 0.5, "mpc.cost.Q_y": 75.14740009909781, "mpc.cost.Q_psi": 17.095993100890208, "mpc.cost.R_ddelta": 7.068046445302556}, "distribution_cov_diag_search": {"mpc.cost.Q_y": 1.691345040368557, "mpc.cost.Q_psi": 1.3763761314623058, "mpc.cost.R_ddelta": 0.9709851523310025}, "distribution_std_theta_approx": {"mpc.cost.Q_y": 368.3227924160493, "mpc.cost.Q_psi": 58.54028681526617, "mpc.cost.R_ddelta": 14.710930758249656}, "distribution_cov_search_matrix": [[1.691345040368557, 0.3520771763071231, 0.49801150580833126], [0.3520771763071231, 1.3763761314623058, 0.023987246100335265], [0.49801150580833126, 0.023987246100335265, 0.9709851523310025]], "timestamp_unix": 1773616700.1471498, "generation_best_theta": {"velocity_planner.v_max": 8.0, "velocity_planner.mux_acc": 0.4, "velocity_planner.mux_dec": 0.35, "velocity_planner.muy": 0.5, "mpc.cost.Q_y": 100.0, "mpc.cost.Q_psi": 27.029477653809703, "mpc.cost.R_ddelta": 10.889615452098274}, "generation_best_cost": -8.373606162133761, "global_best_cost_inside_phase": -9.572217261162056}
{"phase": "phase1_cost_only_cma", "generation": 4, "lambda": 8, "sigma_internal": 0.8863284208999539, "distribution_mean_search": {"mpc.cost.Q_y": 5.111277545890016, "mpc.cost.Q_psi": 3.880148314424732, "mpc.cost.R_ddelta": 2.2358000208793363}, "distribution_center_theta": {"mpc.cost.Q_y": 165.8821416095279, "mpc.cost.Q_psi": 48.43139761357073, "mpc.cost.R_ddelta": 9.353962224654829}, "distribution_center_theta_full": {"velocity_planner.v_max": 8.0, "velocity_planner.mux_acc": 0.4, "velocity_planner.mux_dec": 0.35, "velocity_planner.muy": 0.5, "mpc.cost.Q_y": 165.8821416095279, "mpc.cost.Q_psi": 48.43139761357073, "mpc.cost.R_ddelta": 9.353962224654829}, "distribution_cov_diag_search": {"mpc.cost.Q_y": 1.817040420384365, "mpc.cost.Q_psi": 1.5349116736149155, "mpc.cost.R_ddelta": 0.6537615359254109}, "distribution_std_theta_approx": {"mpc.cost.Q_y": 934.1596759627149, "mpc.cost.Q_psi": 199.08298443228102, "mpc.cost.R_ddelta": 12.459552727276456}, "distribution_cov_search_matrix": [[1.817040420384365, 0.6227014416754872, 0.5599952223738733], [0.6227014416754872, 1.5349116736149155, 0.009310344291746823], [0.5599952223738733, 0.009310344291746823, 0.6537615359254109]], "timestamp_unix": 1773618560.5825932, "generation_best_theta": {"velocity_planner.v_max": 8.0, "velocity_planner.mux_acc": 0.4, "velocity_planner.mux_dec": 0.35, "velocity_planner.muy": 0.5, "mpc.cost.Q_y": 100.0, "mpc.cost.Q_psi": 100.0, "mpc.cost.R_ddelta": 11.197089843977077}, "generation_best_cost": -9.093028610747341, "global_best_cost_inside_phase": -9.572217261162056}
{"phase": "phase1_cost_only_cma", "generation": 5, "lambda": 8, "sigma_internal": 1.0447340857114915, "distribution_mean_search": {"mpc.cost.Q_y": 3.222895055492363, "mpc.cost.Q_psi": 3.892228649098719, "mpc.cost.R_ddelta": 0.9267039224358578}, "distribution_center_theta": {"mpc.cost.Q_y": 25.100682964092545, "mpc.cost.Q_psi": 49.02001328436065, "mpc.cost.R_ddelta": 2.526168991282662}, "distribution_center_theta_full": {"velocity_planner.v_max": 8.0, "velocity_planner.mux_acc": 0.4, "velocity_planner.mux_dec": 0.35, "velocity_planner.muy": 0.5, "mpc.cost.Q_y": 25.100682964092545, "mpc.cost.Q_psi": 49.02001328436065, "mpc.cost.R_ddelta": 2.526168991282662}, "distribution_cov_diag_search": {"mpc.cost.Q_y": 3.4112736415590907, "mpc.cost.Q_psi": 1.869559801016447, "mpc.cost.R_ddelta": 1.4964181368270908}, "distribution_std_theta_approx": {"mpc.cost.Q_y": 747.9908517546642, "mpc.cost.Q_psi": 292.38086514164246, "mpc.cost.R_ddelta": 9.937994660470924}, "distribution_cov_search_matrix": [[3.4112736415590907, 0.48108896264334167, 1.673016025738128], [0.48108896264334167, 1.869559801016447, -0.16818841270680718], [1.673016025738128, -0.16818841270680718, 1.4964181368270908]], "timestamp_unix": 1773620533.4449606, "generation_best_theta": {"velocity_planner.v_max": 8.0, "velocity_planner.mux_acc": 0.4, "velocity_planner.mux_dec": 0.35, "velocity_planner.muy": 0.5, "mpc.cost.Q_y": 23.25331012193415, "mpc.cost.Q_psi": 100.0, "mpc.cost.R_ddelta": 1.9386749565596133}, "generation_best_cost": -9.758857714556285, "global_best_cost_inside_phase": -9.758857714556285}
{"phase": "phase1_cost_only_cma", "generation": 6, "lambda": 8, "sigma_internal": 1.27717107026975, "distribution_mean_search": {"mpc.cost.Q_y": 2.167108080113851, "mpc.cost.Q_psi": 5.079750198980292, "mpc.cost.R_ddelta": 0.4193550379788009}, "distribution_center_theta": {"mpc.cost.Q_y": 8.732992373319464, "mpc.cost.Q_psi": 160.73389942127073, "mpc.cost.R_ddelta": 1.5209802646992383}, "distribution_center_theta_full": {"velocity_planner.v_max": 8.0, "velocity_planner.mux_acc": 0.4, "velocity_planner.mux_dec": 0.35, "velocity_planner.muy": 0.5, "mpc.cost.Q_y": 8.732992373319464, "mpc.cost.Q_psi": 160.73389942127073, "mpc.cost.R_ddelta": 1.5209802646992383}, "distribution_cov_diag_search": {"mpc.cost.Q_y": 5.2447986055983415, "mpc.cost.Q_psi": 3.249989918222267, "mpc.cost.R_ddelta": 2.2445383866876125}, "distribution_std_theta_approx": {"mpc.cost.Q_y": 1651.2077405235004, "mpc.cost.Q_psi": 4064.1786310007938, "mpc.cost.R_ddelta": 13.57027642801455}, "distribution_cov_search_matrix": [[5.2447986055983415, -0.32175543861738604, 2.673475629959495], [-0.32175543861738604, 3.249989918222267, -0.8431092863399628], [2.673475629959495, -0.8431092863399628, 2.2445383866876125]], "timestamp_unix": 1773622523.1813855, "generation_best_theta": {"velocity_planner.v_max": 8.0, "velocity_planner.mux_acc": 0.4, "velocity_planner.mux_dec": 0.35, "velocity_planner.muy": 0.5, "mpc.cost.Q_y": 4.85214676215158, "mpc.cost.Q_psi": 100.0, "mpc.cost.R_ddelta": 1.7760790297964892}, "generation_best_cost": -9.834859606001993, "global_best_cost_inside_phase": -9.834859606001993}
{"phase": "phase1_cost_only_cma", "generation": 7, "lambda": 8, "sigma_internal": 1.632705183130025, "distribution_mean_search": {"mpc.cost.Q_y": 1.0248377247977685, "mpc.cost.Q_psi": 5.206407198763516, "mpc.cost.R_ddelta": -1.4304878297199926}, "distribution_center_theta": {"mpc.cost.Q_y": 2.7866432207809924, "mpc.cost.Q_psi": 182.43741793036, "mpc.cost.R_ddelta": 0.23919220870970456}, "distribution_center_theta_full": {"velocity_planner.v_max": 8.0, "velocity_planner.mux_acc": 0.4, "velocity_planner.mux_dec": 0.35, "velocity_planner.muy": 0.5, "mpc.cost.Q_y": 2.7866432207809924, "mpc.cost.Q_psi": 182.43741793036, "mpc.cost.R_ddelta": 0.23919220870970456}, "distribution_cov_diag_search": {"mpc.cost.Q_y": 9.012754805880341, "mpc.cost.Q_psi": 4.667087403882992, "mpc.cost.R_ddelta": 5.654735473340952}, "distribution_std_theta_approx": {"mpc.cost.Q_y": 22868.863779923602, "mpc.cost.Q_psi": 19317.613429063134, "mpc.cost.R_ddelta": 68.20337993969936}, "distribution_cov_search_matrix": [[9.012754805880341, -1.2175773526328537, 5.670842463537288], [-1.2175773526328537, 4.667087403882992, -2.398160954378789], [5.670842463537288, -2.398160954378789, 5.654735473340952]], "timestamp_unix": 1773624495.5691571, "generation_best_theta": {"velocity_planner.v_max": 8.0, "velocity_planner.mux_acc": 0.4, "velocity_planner.mux_dec": 0.35, "velocity_planner.muy": 0.5, "mpc.cost.Q_y": 2.115754864863154, "mpc.cost.Q_psi": 100.0, "mpc.cost.R_ddelta": 1.0}, "generation_best_cost": -9.39592846915343, "global_best_cost_inside_phase": -9.834859606001993}
{"phase": "phase1_cost_only_cma", "generation": 8, "lambda": 8, "sigma_internal": 1.8085413229682743, "distribution_mean_search": {"mpc.cost.Q_y": 2.5781188807795257, "mpc.cost.Q_psi": 7.0119036789466636, "mpc.cost.R_ddelta": -1.2836989564061496}, "distribution_center_theta": {"mpc.cost.Q_y": 13.172336104535999, "mpc.cost.Q_psi": 1109.7651318024505, "mpc.cost.R_ddelta": 0.27701075234833805}, "distribution_center_theta_full": {"velocity_planner.v_max": 8.0, "velocity_planner.mux_acc": 0.4, "velocity_planner.mux_dec": 0.35, "velocity_planner.muy": 0.5, "mpc.cost.Q_y": 13.172336104535999, "mpc.cost.Q_psi": 1109.7651318024505, "mpc.cost.R_ddelta": 0.27701075234833805}, "distribution_cov_diag_search": {"mpc.cost.Q_y": 9.829605546786924, "mpc.cost.Q_psi": 7.314921673726333, "mpc.cost.R_ddelta": 6.550740103308033}, "distribution_std_theta_approx": {"mpc.cost.Q_y": 244677.7970314571, "mpc.cost.Q_psi": 1666927.1760907196, "mpc.cost.R_ddelta": 193.70300947680897}, "distribution_cov_search_matrix": [[9.829605546786924, -1.0791184195259789, 6.182920571839206], [-1.0791184195259789, 7.314921673726333, -3.7594350603023696], [6.182920571839206, -3.7594350603023696, 6.550740103308033]], "timestamp_unix": 1773626486.362704, "generation_best_theta": {"velocity_planner.v_max": 8.0, "velocity_planner.mux_acc": 0.4, "velocity_planner.mux_dec": 0.35, "velocity_planner.muy": 0.5, "mpc.cost.Q_y": 14.001299253957079, "mpc.cost.Q_psi": 100.0, "mpc.cost.R_ddelta": 1.0}, "generation_best_cost": -9.499731705946209, "global_best_cost_inside_phase": -9.834859606001993}
{"phase": "phase2_planner_only_cma", "generation": 1, "lambda": 8, "sigma_internal": 0.9418532421479974, "distribution_mean_search": {"velocity_planner.v_max": 10.543865488898948, "velocity_planner.mux_acc": 0.02819033740135024, "velocity_planner.mux_dec": 0.39719648543796415, "velocity_planner.muy": 0.45299419293074983}, "distribution_center_theta": {"velocity_planner.v_max": 10.543865488898948, "velocity_planner.mux_acc": 0.02819033740135024, "velocity_planner.mux_dec": 0.39719648543796415, "velocity_planner.muy": 0.45299419293074983}, "distribution_center_theta_full": {"mpc.cost.Q_y": 4.85214676215158, "mpc.cost.Q_psi": 100.0, "mpc.cost.R_ddelta": 1.7760790297964892, "velocity_planner.v_max": 10.543865488898948, "velocity_planner.mux_acc": 0.02819033740135024, "velocity_planner.mux_dec": 0.39719648543796415, "velocity_planner.muy": 0.45299419293074983}, "distribution_cov_diag_search": {"velocity_planner.v_max": 11.150132353547116, "velocity_planner.mux_acc": 0.19068176467259598, "velocity_planner.mux_dec": 0.16526027491872936, "velocity_planner.muy": 0.15146733146207325}, "distribution_std_theta_approx": {"velocity_planner.v_max": 3.339181389734184, "velocity_planner.mux_acc": 0.4366712317895421, "velocity_planner.mux_dec": 0.40652217026716925, "velocity_planner.muy": 0.38918804126292633}, "distribution_cov_search_matrix": [[11.150132353547116, -0.07022236181422542, 0.10705570592349586, 0.20835929568883474], [-0.07022236181422542, 0.19068176467259598, 0.002385848685337078, -0.012184372524830286], [0.10705570592349586, 0.002385848685337078, 0.16526027491872936, 0.010411882551648103], [0.20835929568883474, -0.012184372524830286, 0.010411882551648103, 0.15146733146207325]], "timestamp_unix": 1773628406.3053381, "generation_best_theta": {"mpc.cost.Q_y": 4.85214676215158, "mpc.cost.Q_psi": 100.0, "mpc.cost.R_ddelta": 1.7760790297964892, "velocity_planner.v_max": 13.1442994449502, "velocity_planner.mux_acc": 0.3, "velocity_planner.mux_dec": 0.6492594630683242, "velocity_planner.muy": 0.8252247927064374}, "generation_best_cost": -12.410877304541986, "global_best_cost_inside_phase": -12.410877304541986}
{"phase": "phase2_planner_only_cma", "generation": 2, "lambda": 8, "sigma_internal": 0.8436377308113748, "distribution_mean_search": {"velocity_planner.v_max": 11.349883290574141, "velocity_planner.mux_acc": -0.04290362565248357, "velocity_planner.mux_dec": 0.49075400651531326, "velocity_planner.muy": 0.4497973612190134}, "distribution_center_theta": {"velocity_planner.v_max": 11.349883290574141, "velocity_planner.mux_acc": -0.04290362565248357, "velocity_planner.mux_dec": 0.49075400651531326, "velocity_planner.muy": 0.4497973612190134}, "distribution_center_theta_full": {"mpc.cost.Q_y": 4.85214676215158, "mpc.cost.Q_psi": 100.0, "mpc.cost.R_ddelta": 1.7760790297964892, "velocity_planner.v_max": 11.349883290574141, "velocity_planner.mux_acc": -0.04290362565248357, "velocity_planner.mux_dec": 0.49075400651531326, "velocity_planner.muy": 0.4497973612190134}, "distribution_cov_diag_search": {"velocity_planner.v_max": 8.753549104360339, "velocity_planner.mux_acc": 0.14359669831471614, "velocity_planner.mux_dec": 0.11242925708247462, "velocity_planner.muy": 0.11135595705791886}, "distribution_std_theta_approx": {"velocity_planner.v_max": 2.9586397388597923, "velocity_planner.mux_acc": 0.3789415499977749, "velocity_planner.mux_dec": 0.3353047227261713, "velocity_planner.muy": 0.333700400146477}, "distribution_cov_search_matrix": [[8.753549104360339, -0.2041694435221036, 0.050415177397936, 0.12802362263841902], [-0.2041694435221036, 0.14359669831471614, -0.019954108189590307, -0.0154413773692491], [0.050415177397936, -0.019954108189590307, 0.11242925708247462, -0.007571478853118974], [0.12802362263841902, -0.0154413773692491, -0.007571478853118974, 0.11135595705791886]], "timestamp_unix": 1773630324.0226786, "generation_best_theta": {"mpc.cost.Q_y": 4.85214676215158, "mpc.cost.Q_psi": 100.0, "mpc.cost.R_ddelta": 1.7760790297964892, "velocity_planner.v_max": 11.595044178690173, "velocity_planner.mux_acc": 0.37236517059395435, "velocity_planner.mux_dec": 0.4134754272375706, "velocity_planner.muy": 0.6595377792685403}, "generation_best_cost": -13.69830101025618, "global_best_cost_inside_phase": -13.69830101025618}
{"phase": "phase2_planner_only_cma", "generation": 3, "lambda": 8, "sigma_internal": 0.7273833453546877, "distribution_mean_search": {"velocity_planner.v_max": 12.01403954640771, "velocity_planner.mux_acc": 0.08063407535336875, "velocity_planner.mux_dec": 0.5677874556588673, "velocity_planner.muy": 0.5428320392457964}, "distribution_center_theta": {"velocity_planner.v_max": 12.01403954640771, "velocity_planner.mux_acc": 0.08063407535336875, "velocity_planner.mux_dec": 0.5677874556588673, "velocity_planner.muy": 0.5428320392457964}, "distribution_center_theta_full": {"mpc.cost.Q_y": 4.85214676215158, "mpc.cost.Q_psi": 100.0, "mpc.cost.R_ddelta": 1.7760790297964892, "velocity_planner.v_max": 12.01403954640771, "velocity_planner.mux_acc": 0.08063407535336875, "velocity_planner.mux_dec": 0.5677874556588673, "velocity_planner.muy": 0.5428320392457964}, "distribution_cov_diag_search": {"velocity_planner.v_max": 5.9113756689229096, "velocity_planner.mux_acc": 0.09072915217861717, "velocity_planner.mux_dec": 0.07875732891970855, "velocity_planner.muy": 0.07499737933907388}, "distribution_std_theta_approx": {"velocity_planner.v_max": 2.4313320770563016, "velocity_planner.mux_acc": 0.30121280214927315, "velocity_planner.mux_dec": 0.2806373619454625, "velocity_planner.muy": 0.2738564940604365}, "distribution_cov_search_matrix": [[5.9113756689229096, -0.02303923247376822, 0.03001798999882757, 0.05296306614297493], [-0.02303923247376822, 0.09072915217861717, -0.011142655840330359, -0.00607746692398371], [0.03001798999882757, -0.011142655840330359, 0.07875732891970855, -0.00984964949241272], [0.05296306614297493, -0.00607746692398371, -0.00984964949241272, 0.07499737933907388]], "timestamp_unix": 1773632313.6442046, "generation_best_theta": {"mpc.cost.Q_y": 4.85214676215158, "mpc.cost.Q_psi": 100.0, "mpc.cost.R_ddelta": 1.7760790297964892, "velocity_planner.v_max": 11.097678408287, "velocity_planner.mux_acc": 0.36829480343789667, "velocity_planner.mux_dec": 0.5978863893799975, "velocity_planner.muy": 0.6396482692447527}, "generation_best_cost": -13.271811530109934, "global_best_cost_inside_phase": -13.69830101025618}
{"phase": "phase2_planner_only_cma", "generation": 4, "lambda": 8, "sigma_internal": 0.7235127226203604, "distribution_mean_search": {"velocity_planner.v_max": 11.269352938175974, "velocity_planner.mux_acc": -0.03787786025400419, "velocity_planner.mux_dec": 0.802147456680139, "velocity_planner.muy": 0.69370460596927}, "distribution_center_theta": {"velocity_planner.v_max": 11.269352938175974, "velocity_planner.mux_acc": -0.03787786025400419, "velocity_planner.mux_dec": 0.802147456680139, "velocity_planner.muy": 0.69370460596927}, "distribution_center_theta_full": {"mpc.cost.Q_y": 4.85214676215158, "mpc.cost.Q_psi": 100.0, "mpc.cost.R_ddelta": 1.7760790297964892, "velocity_planner.v_max": 11.269352938175974, "velocity_planner.mux_acc": -0.03787786025400419, "velocity_planner.mux_dec": 0.802147456680139, "velocity_planner.muy": 0.69370460596927}, "distribution_cov_diag_search": {"velocity_planner.v_max": 5.023525845521512, "velocity_planner.mux_acc": 0.07635388003998887, "velocity_planner.mux_dec": 0.08526105175788384, "velocity_planner.muy": 0.07668509108017481}, "distribution_std_theta_approx": {"velocity_planner.v_max": 2.241322343064806, "velocity_planner.mux_acc": 0.2763220585476101, "velocity_planner.mux_dec": 0.291994951596571, "velocity_planner.muy": 0.27692073067969253}, "distribution_cov_search_matrix": [[5.023525845521512, 0.09114136363152342, 0.0195667594812898, -0.007224652555603131], [0.09114136363152342, 0.07635388003998887, -0.020492455670463507, -0.004295423129579437], [0.0195667594812898, -0.020492455670463507, 0.08526105175788384, -0.00042863806781630017], [-0.007224652555603131, -0.004295423129579437, -0.00042863806781630017, 0.07668509108017481]], "timestamp_unix": 1773634303.9758685, "generation_best_theta": {"mpc.cost.Q_y": 4.85214676215158, "mpc.cost.Q_psi": 100.0, "mpc.cost.R_ddelta": 1.7760790297964892, "velocity_planner.v_max": 11.595011765474574, "velocity_planner.mux_acc": 0.3, "velocity_planner.mux_dec": 0.8754931153313551, "velocity_planner.muy": 0.7168009019734237}, "generation_best_cost": -13.4004715712502, "global_best_cost_inside_phase": -13.69830101025618}
{"phase": "phase2_planner_only_cma", "generation": 5, "lambda": 8, "sigma_internal": 0.7852769520879896, "distribution_mean_search": {"velocity_planner.v_max": 13.631406667741928, "velocity_planner.mux_acc": -0.025675239540977668, "velocity_planner.mux_dec": 1.013922236045834, "velocity_planner.muy": 0.7263307085196589}, "distribution_center_theta": {"velocity_planner.v_max": 13.631406667741928, "velocity_planner.mux_acc": -0.025675239540977668, "velocity_planner.mux_dec": 1.013922236045834, "velocity_planner.muy": 0.7263307085196589}, "distribution_center_theta_full": {"mpc.cost.Q_y": 4.85214676215158, "mpc.cost.Q_psi": 100.0, "mpc.cost.R_ddelta": 1.7760790297964892, "velocity_planner.v_max": 13.631406667741928, "velocity_planner.mux_acc": -0.025675239540977668, "velocity_planner.mux_dec": 1.013922236045834, "velocity_planner.muy": 0.7263307085196589}, "distribution_cov_diag_search": {"velocity_planner.v_max": 6.693044503806701, "velocity_planner.mux_acc": 0.08121722799869334, "velocity_planner.mux_dec": 0.11775565334046764, "velocity_planner.muy": 0.07825576779359171}, "distribution_std_theta_approx": {"velocity_planner.v_max": 2.5870919009201625, "velocity_planner.mux_acc": 0.28498636458380483, "velocity_planner.mux_dec": 0.34315543612256477, "velocity_planner.muy": 0.27974232392255505}, "distribution_cov_search_matrix": [[6.693044503806701, 0.09062273508225019, 0.21277618017103977, 0.1047968831359647], [0.09062273508225019, 0.08121722799869334, -0.03313086059518578, 0.0010270056964809913], [0.21277618017103977, -0.03313086059518578, 0.11775565334046764, 0.008496589033703195], [0.1047968831359647, 0.0010270056964809913, 0.008496589033703195, 0.07825576779359171]], "timestamp_unix": 1773636293.1554105, "generation_best_theta": {"mpc.cost.Q_y": 4.85214676215158, "mpc.cost.Q_psi": 100.0, "mpc.cost.R_ddelta": 1.7760790297964892, "velocity_planner.v_max": 14.639146797046653, "velocity_planner.mux_acc": 0.3, "velocity_planner.mux_dec": 0.9527636334809101, "velocity_planner.muy": 0.71946216727892}, "generation_best_cost": -12.981626017460462, "global_best_cost_inside_phase": -13.69830101025618}
{"phase": "phase2_planner_only_cma", "generation": 6, "lambda": 8, "sigma_internal": 0.7406343528473129, "distribution_mean_search": {"velocity_planner.v_max": 10.974158644107643, "velocity_planner.mux_acc": 0.11759777701404256, "velocity_planner.mux_dec": 0.9636911047315666, "velocity_planner.muy": 0.6581277224517406}, "distribution_center_theta": {"velocity_planner.v_max": 10.974158644107643, "velocity_planner.mux_acc": 0.11759777701404256, "velocity_planner.mux_dec": 0.9636911047315666, "velocity_planner.muy": 0.6581277224517406}, "distribution_center_theta_full": {"mpc.cost.Q_y": 4.85214676215158, "mpc.cost.Q_psi": 100.0, "mpc.cost.R_ddelta": 1.7760790297964892, "velocity_planner.v_max": 10.974158644107643, "velocity_planner.mux_acc": 0.11759777701404256, "velocity_planner.mux_dec": 0.9636911047315666, "velocity_planner.muy": 0.6581277224517406}, "distribution_cov_diag_search": {"velocity_planner.v_max": 6.469191797130875, "velocity_planner.mux_acc": 0.05987924967335132, "velocity_planner.mux_dec": 0.0978218373961132, "velocity_planner.muy": 0.06283047546088606}, "distribution_std_theta_approx": {"velocity_planner.v_max": 2.5434605947666804, "velocity_planner.mux_acc": 0.24470236957036465, "velocity_planner.mux_dec": 0.3127648276199119, "velocity_planner.muy": 0.2506600795118482}, "distribution_cov_search_matrix": [[6.469191797130875, 0.0519134605592224, 0.20242586411154428, 0.12479201230913674], [0.0519134605592224, 0.05987924967335132, -0.018542864924763477, -0.006965890469994842], [0.20242586411154428, -0.018542864924763477, 0.0978218373961132, 0.010763510382880277], [0.12479201230913674, -0.006965890469994842, 0.010763510382880277, 0.06283047546088606]], "timestamp_unix": 1773638010.120019, "generation_best_theta": {"mpc.cost.Q_y": 4.85214676215158, "mpc.cost.Q_psi": 100.0, "mpc.cost.R_ddelta": 1.7760790297964892, "velocity_planner.v_max": 9.74421164928389, "velocity_planner.mux_acc": 0.3, "velocity_planner.mux_dec": 0.8442526780928137, "velocity_planner.muy": 0.7914992659057591}, "generation_best_cost": -12.527223836744968, "global_best_cost_inside_phase": -13.69830101025618}
{"phase": "phase2_planner_only_cma", "generation": 7, "lambda": 8, "sigma_internal": 0.6940842203824698, "distribution_mean_search": {"velocity_planner.v_max": 12.499409639650825, "velocity_planner.mux_acc": -0.09387119822459056, "velocity_planner.mux_dec": 1.1721864846827308, "velocity_planner.muy": 0.7137068923764921}, "distribution_center_theta": {"velocity_planner.v_max": 12.499409639650825, "velocity_planner.mux_acc": -0.09387119822459056, "velocity_planner.mux_dec": 1.1721864846827308, "velocity_planner.muy": 0.7137068923764921}, "distribution_center_theta_full": {"mpc.cost.Q_y": 4.85214676215158, "mpc.cost.Q_psi": 100.0, "mpc.cost.R_ddelta": 1.7760790297964892, "velocity_planner.v_max": 12.499409639650825, "velocity_planner.mux_acc": -0.09387119822459056, "velocity_planner.mux_dec": 1.1721864846827308, "velocity_planner.muy": 0.7137068923764921}, "distribution_cov_diag_search": {"velocity_planner.v_max": 5.222691575526349, "velocity_planner.mux_acc": 0.055507597717024036, "velocity_planner.mux_dec": 0.09096997042572379, "velocity_planner.muy": 0.04664253475180678}, "distribution_std_theta_approx": {"velocity_planner.v_max": 2.2853208911499387, "velocity_planner.mux_acc": 0.23560050449229525, "velocity_planner.mux_dec": 0.3016122849383357, "velocity_planner.muy": 0.2159688281947346}, "distribution_cov_search_matrix": [[5.222691575526349, -0.015459553567458121, 0.2660567964781878, 0.0435154130179491], [-0.015459553567458121, 0.055507597717024036, -0.024488313833254418, -0.008693645467703666], [0.2660567964781878, -0.024488313833254418, 0.09096997042572379, 0.01882320505280602], [0.0435154130179491, -0.008693645467703666, 0.01882320505280602, 0.04664253475180678]], "timestamp_unix": 1773640001.1949952, "generation_best_theta": {"mpc.cost.Q_y": 4.85214676215158, "mpc.cost.Q_psi": 100.0, "mpc.cost.R_ddelta": 1.7760790297964892, "velocity_planner.v_max": 12.090386162603096, "velocity_planner.mux_acc": 0.3, "velocity_planner.mux_dec": 1.0695705911768703, "velocity_planner.muy": 0.7812977108008335}, "generation_best_cost": -13.208352700448776, "global_best_cost_inside_phase": -13.69830101025618}
{"phase": "phase2_planner_only_cma", "generation": 8, "lambda": 8, "sigma_internal": 0.7601093114879512, "distribution_mean_search": {"velocity_planner.v_max": 11.857059334548204, "velocity_planner.mux_acc": -0.41364487150821305, "velocity_planner.mux_dec": 1.1089713660434302, "velocity_planner.muy": 0.7325460667094993}, "distribution_center_theta": {"velocity_planner.v_max": 11.857059334548204, "velocity_planner.mux_acc": -0.41364487150821305, "velocity_planner.mux_dec": 1.1089713660434302, "velocity_planner.muy": 0.7325460667094993}, "distribution_center_theta_full": {"mpc.cost.Q_y": 4.85214676215158, "mpc.cost.Q_psi": 100.0, "mpc.cost.R_ddelta": 1.7760790297964892, "velocity_planner.v_max": 11.857059334548204, "velocity_planner.mux_acc": -0.41364487150821305, "velocity_planner.mux_dec": 1.1089713660434302, "velocity_planner.muy": 0.7325460667094993}, "distribution_cov_diag_search": {"velocity_planner.v_max": 6.0682304710085315, "velocity_planner.mux_acc": 0.09886641572190373, "velocity_planner.mux_dec": 0.07565572263162255, "velocity_planner.muy": 0.044858504589663305}, "distribution_std_theta_approx": {"velocity_planner.v_max": 2.463377857943952, "velocity_planner.mux_acc": 0.314430303440848, "velocity_planner.mux_dec": 0.2750558536581662, "velocity_planner.muy": 0.21179826389671683}, "distribution_cov_search_matrix": [[6.0682304710085315, 0.012551971643797701, 0.22875561954819779, 0.00729064885659879], [0.012551971643797701, 0.09886641572190373, -0.029633063689006776, -0.011392505822972528], [0.22875561954819779, -0.029633063689006776, 0.07565572263162255, 0.005603803646024495], [0.00729064885659879, -0.011392505822972528, 0.005603803646024495, 0.044858504589663305]], "timestamp_unix": 1773641991.3902006, "generation_best_theta": {"mpc.cost.Q_y": 4.85214676215158, "mpc.cost.Q_psi": 100.0, "mpc.cost.R_ddelta": 1.7760790297964892, "velocity_planner.v_max": 11.363824351023872, "velocity_planner.mux_acc": 0.3, "velocity_planner.mux_dec": 0.9427548840571844, "velocity_planner.muy": 0.7616235268645135}, "generation_best_cost": -13.179304473533929, "global_best_cost_inside_phase": -13.69830101025618}
{"phase": "phase3_joint_cma", "generation": 1, "lambda": 8, "sigma_internal": 0.9450298965943206, "distribution_mean_search": {"mpc.cost.Q_y": 1.8814073460847398, "mpc.cost.Q_psi": 4.375899180740265, "mpc.cost.R_ddelta": 0.4481114387975422, "velocity_planner.v_max": 11.600476342984958, "velocity_planner.mux_acc": 0.11931399341346705, "velocity_planner.mux_dec": 0.18604884691498286, "velocity_planner.muy": 0.6138522484392319}, "distribution_center_theta": {"mpc.cost.Q_y": 6.562734404657149, "mpc.cost.Q_psi": 79.51130245021224, "mpc.cost.R_ddelta": 1.5653531270043335, "velocity_planner.v_max": 11.600476342984958, "velocity_planner.mux_acc": 0.11931399341346705, "velocity_planner.mux_dec": 0.18604884691498286, "velocity_planner.muy": 0.6138522484392319}, "distribution_center_theta_full": {"mpc.cost.Q_y": 6.562734404657149, "mpc.cost.Q_psi": 79.51130245021224, "mpc.cost.R_ddelta": 1.5653531270043335, "velocity_planner.v_max": 11.600476342984958, "velocity_planner.mux_acc": 0.11931399341346705, "velocity_planner.mux_dec": 0.18604884691498286, "velocity_planner.muy": 0.6138522484392319}, "distribution_cov_diag_search": {"mpc.cost.Q_y": 0.16957856096079113, "mpc.cost.Q_psi": 0.17893584962833967, "mpc.cost.R_ddelta": 0.1744040561081206, "velocity_planner.v_max": 8.281522145265646, "velocity_planner.mux_acc": 0.1293536334824883, "velocity_planner.mux_dec": 0.11232107753137761, "velocity_planner.muy": 0.0590205835971581}, "distribution_std_theta_approx": {"mpc.cost.Q_y": 3.070900185404541, "mpc.cost.Q_psi": 38.490211910055486, "mpc.cost.R_ddelta": 0.7455431603179121, "velocity_planner.v_max": 2.87776339285662, "velocity_planner.mux_acc": 0.3596576615095086, "velocity_planner.mux_dec": 0.33514336862211314, "velocity_planner.muy": 0.24294152299917382}, "distribution_cov_search_matrix": [[0.16957856096079113, -0.009697411832364815, 0.067210355518324, 0.050848806925372525, -0.004974722195051587, -0.0022961987454591937, -0.005673369927460116], [-0.009697411832364815, 0.17893584962833967, -0.05374385608767794, -0.030195048451699392, 0.013681137611904062, 0.00440750093176959, 0.0024084738963497288], [0.067210355518324, -0.05374385608767794, 0.1744040561081206, 0.029146276582278516, 0.007318642787818925, 0.0034047185474702906, -0.0024584714901686794], [0.050848806925372525, -0.030195048451699392, 0.029146276582278516, 8.281522145265646, 0.030137554802134096, 0.20669236365115523, 0.009420630219672542], [-0.004974722195051587, 0.013681137611904062, 0.007318642787818925, 0.030137554802134096, 0.1293536334824883, -0.016180976410284174, -0.010380028188257551], [-0.0022961987454591937, 0.00440750093176959, 0.0034047185474702906, 0.20669236365115523, -0.016180976410284174, 0.11232107753137761, 0.005352733025880381], [-0.005673369927460116, 0.0024084738963497288, -0.0024584714901686794, 0.009420630219672542, -0.010380028188257551, 0.005352733025880381, 0.0590205835971581]], "timestamp_unix": 1773643957.6645398, "generation_best_theta": {"mpc.cost.Q_y": 6.342365298039794, "mpc.cost.Q_psi": 67.5044698188907, "mpc.cost.R_ddelta": 1.3016909221895443, "velocity_planner.v_max": 9.37301938055959, "velocity_planner.mux_acc": 0.3, "velocity_planner.mux_dec": 0.3, "velocity_planner.muy": 0.6443997797939821}, "generation_best_cost": -12.845290464058827, "global_best_cost_inside_phase": -12.845290464058827}
{"phase": "phase3_joint_cma", "generation": 2, "lambda": 8, "sigma_internal": 0.8980229173088662, "distribution_mean_search": {"mpc.cost.Q_y": 1.796558833940624, "mpc.cost.Q_psi": 4.125172111392958, "mpc.cost.R_ddelta": 0.26554717863974975, "velocity_planner.v_max": 12.054666284711768, "velocity_planner.mux_acc": 0.009201965225777764, "velocity_planner.mux_dec": 0.3033200248028223, "velocity_planner.muy": 0.6524693316165795}, "distribution_center_theta": {"mpc.cost.Q_y": 6.028865400661209, "mpc.cost.Q_psi": 61.87845832158418, "mpc.cost.R_ddelta": 1.3041443805288238, "velocity_planner.v_max": 12.054666284711768, "velocity_planner.mux_acc": 0.009201965225777764, "velocity_planner.mux_dec": 0.3033200248028223, "velocity_planner.muy": 0.6524693316165795}, "distribution_center_theta_full": {"mpc.cost.Q_y": 6.028865400661209, "mpc.cost.Q_psi": 61.87845832158418, "mpc.cost.R_ddelta": 1.3041443805288238, "velocity_planner.v_max": 12.054666284711768, "velocity_planner.mux_acc": 0.009201965225777764, "velocity_planner.mux_dec": 0.3033200248028223, "velocity_planner.muy": 0.6524693316165795}, "distribution_cov_diag_search": {"mpc.cost.Q_y": 0.14997963993921584, "mpc.cost.Q_psi": 0.14993534908738798, "mpc.cost.R_ddelta": 0.15726442737372515, "velocity_planner.v_max": 7.366918543184685, "velocity_planner.mux_acc": 0.11105294073480629, "velocity_planner.mux_dec": 0.09733982734231635, "velocity_planner.muy": 0.050697711070326376}, "distribution_std_theta_approx": {"mpc.cost.Q_y": 2.6140068479600473, "mpc.cost.Q_psi": 26.824518524081096, "mpc.cost.R_ddelta": 0.5822224576170946, "velocity_planner.v_max": 2.714206798161239, "velocity_planner.mux_acc": 0.33324606634558535, "velocity_planner.mux_dec": 0.3119933129769232, "velocity_planner.muy": 0.225161522179804}, "distribution_cov_search_matrix": [[0.14997963993921584, -0.01082509187518886, 0.05645444714632512, 0.07362421636292031, 0.0021590969476909345, -0.007306639257729987, -0.008539186899543113], [-0.01082509187518886, 0.14993534908738798, -0.037315298042800274, -0.0022021645392372854, 0.027436275786223895, -0.00029859403233701616, -0.0018135409870673228], [0.05645444714632512, -0.037315298042800274, 0.15726442737372515, 0.014553079577206356, 0.009438398058993769, 0.0005491577004732114, -0.004142414448355966], [0.07362421636292031, -0.0022021645392372854, 0.014553079577206356, 7.366918543184685, -0.005378035409589763, 0.20140961579397704, 0.029435435982654128], [0.0021590969476909345, 0.027436275786223895, 0.009438398058993769, -0.005378035409589763, 0.11105294073480629, -0.008703599747519518, -0.006376621522809972], [-0.007306639257729987, -0.00029859403233701616, 0.0005491577004732114, 0.20140961579397704, -0.008703599747519518, 0.09733982734231635, 0.0024135983561198934], [-0.008539186899543113, -0.0018135409870673228, -0.004142414448355966, 0.029435435982654128, -0.006376621522809972, 0.0024135983561198934, 0.050697711070326376]], "timestamp_unix": 1773645950.2351196, "generation_best_theta": {"mpc.cost.Q_y": 4.800317208281031, "mpc.cost.Q_psi": 56.58397792638212, "mpc.cost.R_ddelta": 1.4168384583834688, "velocity_planner.v_max": 11.251069829854124, "velocity_planner.mux_acc": 0.3, "velocity_planner.mux_dec": 0.4310858217105587, "velocity_planner.muy": 0.7287119129475642}, "generation_best_cost": -14.03238385810838, "global_best_cost_inside_phase": -14.03238385810838}
{"phase": "phase3_joint_cma", "generation": 3, "lambda": 8, "sigma_internal": 0.8420714611098152, "distribution_mean_search": {"mpc.cost.Q_y": 1.8590128016820506, "mpc.cost.Q_psi": 3.968906701210894, "mpc.cost.R_ddelta": 0.2648753065389074, "velocity_planner.v_max": 11.429637277643412, "velocity_planner.mux_acc": 0.09230531582151336, "velocity_planner.mux_dec": 0.512699999664839, "velocity_planner.muy": 0.6401584188854674}, "distribution_center_theta": {"mpc.cost.Q_y": 6.417398398423775, "mpc.cost.Q_psi": 52.92663457099497, "mpc.cost.R_ddelta": 1.3032684565914543, "velocity_planner.v_max": 11.429637277643412, "velocity_planner.mux_acc": 0.09230531582151336, "velocity_planner.mux_dec": 0.512699999664839, "velocity_planner.muy": 0.6401584188854674}, "distribution_center_theta_full": {"mpc.cost.Q_y": 6.417398398423775, "mpc.cost.Q_psi": 52.92663457099497, "mpc.cost.R_ddelta": 1.3032684565914543, "velocity_planner.v_max": 11.429637277643412, "velocity_planner.mux_acc": 0.09230531582151336, "velocity_planner.mux_dec": 0.512699999664839, "velocity_planner.muy": 0.6401584188854674}, "distribution_cov_diag_search": {"mpc.cost.Q_y": 0.1308466155362109, "mpc.cost.Q_psi": 0.12635360629222422, "mpc.cost.R_ddelta": 0.14272803569791404, "velocity_planner.v_max": 6.359104590995429, "velocity_planner.mux_acc": 0.09718781800297983, "velocity_planner.mux_dec": 0.08226885375199287, "velocity_planner.muy": 0.040713067099090935}, "distribution_std_theta_approx": {"mpc.cost.Q_y": 2.5616194055228374, "mpc.cost.Q_psi": 20.69038333202898, "mpc.cost.R_ddelta": 0.5482293867325568, "velocity_planner.v_max": 2.5217265099521455, "velocity_planner.mux_acc": 0.31174960786339384, "velocity_planner.mux_dec": 0.28682547612092074, "velocity_planner.muy": 0.20177479302204954}, "distribution_cov_search_matrix": [[0.1308466155362109, -0.012764630618543379, 0.05235557818669785, 0.028211771654167835, -0.0008301660232015761, -0.006339622442910137, -0.010065913495076625], [-0.012764630618543379, 0.12635360629222422, -0.02800832964745204, 0.04324398591637199, 0.025249409927977647, -0.010208899231139459, -0.0030457676396737025], [0.05235557818669785, -0.02800832964745204, 0.14272803569791404, -0.017663371786854662, 0.008292998287429878, 0.000781781702643908, -0.003594449770661978], [0.028211771654167835, 0.04324398591637199, -0.017663371786854662, 6.359104590995429, -0.007624178341258224, 0.200166139696521, 0.013274612733497842], [-0.0008301660232015761, 0.025249409927977647, 0.008292998287429878, -0.007624178341258224, 0.09718781800297983, -0.008832932338836448, -0.006607533027530025], [-0.006339622442910137, -0.010208899231139459, 0.000781781702643908, 0.200166139696521, -0.008832932338836448, 0.08226885375199287, 0.0014194965864890172], [-0.010065913495076625, -0.0030457676396737025, -0.003594449770661978, 0.013274612733497842, -0.006607533027530025, 0.0014194965864890172, 0.040713067099090935]], "timestamp_unix": 1773647821.5468428, "generation_best_theta": {"mpc.cost.Q_y": 4.656459273348684, "mpc.cost.Q_psi": 53.637902116577166, "mpc.cost.R_ddelta": 1.0182129901652204, "velocity_planner.v_max": 13.049684824986961, "velocity_planner.mux_acc": 0.3, "velocity_planner.mux_dec": 0.6192901414042394, "velocity_planner.muy": 0.6324220514957254}, "generation_best_cost": -13.53943175963122, "global_best_cost_inside_phase": -14.03238385810838}
