{"phase": "unstaged_joint_cma", "generation": 0, "lambda": 0, "sigma_internal": 1.0, "distribution_mean_search": {"mpc.cost.Q_y": 2.302585092994046, "mpc.cost.Q_psi": 2.302585092994046, "mpc.cost.R_ddelta": 2.302585092994046, "velocity_planner.v_max": 8.0, "velocity_planner.mux_acc": 0.4, "velocity_planner.mux_dec": 0.35, "velocity_planner.muy": 0.5}, "distribution_center_theta": {"mpc.cost.Q_y": 10.000000000000002, "mpc.cost.Q_psi": 10.000000000000002, "mpc.cost.R_ddelta": 10.000000000000002, "velocity_planner.v_max": 8.0, "velocity_planner.mux_acc": 0.4, "velocity_planner.mux_dec": 0.35, "velocity_planner.muy": 0.5}, "distribution_center_theta_full": {"mpc.cost.Q_y": 10.000000000000002, "mpc.cost.Q_psi": 10.000000000000002, "mpc.cost.R_ddelta": 10.000000000000002, "velocity_planner.v_max": 8.0, "velocity_planner.mux_acc": 0.4, "velocity_planner.mux_dec": 0.35, "velocity_planner.muy": 0.5}, "distribution_cov_diag_search": {"mpc.cost.Q_y": 1.9086833197722235, "mpc.cost.Q_psi": 1.9086833197722235, "mpc.cost.R_ddelta": 1.9086833197722235, "velocity_planner.v_max": 12.25, "velocity_planner.mux_acc": 0.20070399999999997, "velocity_planner.mux_dec": 0.20070399999999997, "velocity_planner.muy": 0.20070399999999997}, "distribution_cov_search_matrix": [[1.9086833197722235, 0.0, 0.0, 0.0, 0.0, 0.0, 0.0], [0.0, 1.9086833197722235, 0.0, 0.0, 0.0, 0.0, 0.0], [0.0, 0.0, 1.9086833197722235, 0.0, 0.0, 0.0, 0.0], [0.0, 0.0, 0.0, 12.25, 0.0, 0.0, 0.0], [0.0, 0.0, 0.0, 0.0, 0.20070399999999997, 0.0, 0.0], [0.0, 0.0, 0.0, 0.0, 0.0, 0.20070399999999997, 0.0], [0.0, 0.0, 0.0, 0.0, 0.0, 0.0, 0.20070399999999997]], "timestamp_unix": 1773611579.532475}
{"phase": "unstaged_joint_cma", "generation": 1, "lambda": 8, "sigma_internal": 0.920588942271633, "distribution_mean_search": {"mpc.cost.Q_y": 3.2870031097607146, "mpc.cost.Q_psi": 1.3228555147353371, "mpc.cost.R_ddelta": 2.585660394101371, "velocity_planner.v_max": 10.032269828769138, "velocity_planner.mux_acc": 0.32365136103935055, "velocity_planner.mux_dec": 0.12746656706319523, "velocity_planner.muy": 0.2395669792072308}, "distribution_center_theta": {"mpc.cost.Q_y": 26.76253896207786, "mpc.cost.Q_psi": 3.754126048563737, "mpc.cost.R_ddelta": 13.27205098067987, "velocity_planner.v_max": 10.032269828769138, "velocity_planner.mux_acc": 0.32365136103935055, "velocity_planner.mux_dec": 0.12746656706319523, "velocity_planner.muy": 0.2395669792072308}, "distribution_center_theta_full": {"mpc.cost.Q_y": 26.76253896207786, "mpc.cost.Q_psi": 3.754126048563737, "mpc.cost.R_ddelta": 13.27205098067987, "velocity_planner.v_max": 10.032269828769138, "velocity_planner.mux_acc": 0.32365136103935055, "velocity_planner.mux_dec": 0.12746656706319523, "velocity_planner.muy": 0.2395669792072308}, "distribution_cov_diag_search": {"mpc.cost.Q_y": 1.5182502012780603, "mpc.cost.Q_psi": 1.6594131063627644, "mpc.cost.R_ddelta": 1.4560897519287768, "velocity_planner.v_max": 9.930599911747164, "velocity_planner.mux_acc": 0.16970574276465575, "velocity_planner.mux_dec": 0.1806411770971017, "velocity_planner.muy": 0.16650271042458567}, "distribution_std_theta_approx": {"mpc.cost.Q_y": 107.94290955488636, "mpc.cost.Q_psi": 17.75653092255614, "mpc.cost.R_ddelta": 49.85010594990987, "velocity_planner.v_max": 3.151285437999415, "velocity_planner.mux_acc": 0.411953568699988, "velocity_planner.mux_dec": 0.42501903145283, "velocity_planner.muy": 0.4080474364881927}, "distribution_cov_search_matrix": [[1.5182502012780603, -0.021617920299623002, 0.09103359649966407, -0.03876393093148178, -0.018399169783908532, -0.017224318786545244, -0.04289402476706239], [-0.021617920299623002, 1.6594131063627644, -0.06492841658350783, -0.01930851931562569, 0.0068905537017356746, 0.023127412659075246, 0.025342602708827072], [0.09103359649966407, -0.06492841658350783, 1.4560897519287768, 0.36131358601431296, -0.01015292180360252, 0.02006331937914868, -0.0002572659623589562], [-0.03876393093148178, -0.01930851931562569, 0.36131358601431296, 9.930599911747164, -0.027144572500828145, -0.0746590154961605, -0.0811437612622639], [-0.018399169783908532, 0.0068905537017356746, -0.01015292180360252, -0.027144572500828145, 0.16970574276465575, 0.004783596593651178, -0.002932443297065311], [-0.017224318786545244, 0.023127412659075246, 0.02006331937914868, -0.0746590154961605, 0.004783596593651178, 0.1806411770971017, 0.009202833053158447], [-0.04289402476706239, 0.025342602708827072, -0.0002572659623589562, -0.0811437612622639, -0.002932443297065311, 0.009202833053158447, 0.16650271042458567]], "timestamp_unix": 1773612956.4305725, "generation_best_theta": {"mpc.cost.Q_y": 27.000453381325514, "mpc.cost.Q_psi": 4.38710695209999, "mpc.cost.R_ddelta": 14.247884018659295, "velocity_planner.v_max": 10.710069352308242, "velocity_planner.mux_acc": 0.3, "velocity_planner.mux_dec": 0.5389898730429353, "velocity_planner.muy": 0.3}, "generation_best_objective": -8.645074901047476, "global_best_objective_inside_phase": -8.645074901047476}
{"phase": "unstaged_joint_cma", "generation": 2, "lambda": 8, "sigma_internal": 0.9575133907415502, "distribution_mean_search": {"mpc.cost.Q_y": 4.289372644232271, "mpc.cost.Q_psi": 1.9266628490967235, "mpc.cost.R_ddelta": 1.8920281846506122, "velocity_planner.v_max": 9.778781492996801, "velocity_planner.mux_acc": -0.02128682733607956, "velocity_planner.mux_dec": -0.45249958902688014, "velocity_planner.muy": 0.25899703564686555}, "distribution_center_theta": {"mpc.cost.Q_y": 72.9207069206649, "mpc.cost.Q_psi": 6.866557226394645, "mpc.cost.R_ddelta": 6.632807606703296, "velocity_planner.v_max": 9.778781492996801, "velocity_planner.mux_acc": -0.02128682733607956, "velocity_planner.mux_dec": -0.45249958902688014, "velocity_planner.muy": 0.25899703564686555}, "distribution_center_theta_full": {"mpc.cost.Q_y": 72.9207069206649, "mpc.cost.Q_psi": 6.866557226394645, "mpc.cost.R_ddelta": 6.632807606703296, "velocity_planner.v_max": 9.778781492996801, "velocity_planner.mux_acc": -0.02128682733607956, "velocity_planner.mux_dec": -0.45249958902688014, "velocity_planner.muy": 0.25899703564686555}, "distribution_cov_diag_search": {"mpc.cost.Q_y": 1.6404326142946368, "mpc.cost.Q_psi": 1.6752583966596029, "mpc.cost.R_ddelta": 1.5488291972818062, "velocity_planner.v_max": 10.627717720153981, "velocity_planner.mux_acc": 0.19143132125722948, "velocity_planner.mux_dec": 0.2236411949905502, "velocity_planner.muy": 0.18235182590716564}, "distribution_std_theta_approx": {"mpc.cost.Q_y": 337.6581233552331, "mpc.cost.Q_psi": 33.05752962336232, "mpc.cost.R_ddelta": 27.69947815667959, "velocity_planner.v_max": 3.2600180551883424, "velocity_planner.mux_acc": 0.43752865192719603, "velocity_planner.mux_dec": 0.4729071737567006, "velocity_planner.muy": 0.4270267273920517}, "distribution_cov_search_matrix": [[1.6404326142946368, 0.09110756118615469, 0.14136061872966652, -0.11229082657832015, -0.04050715977107258, -0.09956326279162774, -0.052696492560725755], [0.09110756118615469, 1.6752583966596029, -0.12655373696874686, 0.08178090274691434, -0.02174682491835929, 0.019140884420356094, 0.02925219739717557], [0.14136061872966652, -0.12655373696874686, 1.5488291972818062, 0.45775080004820173, 0.0017427612066923605, 0.05878539575072286, -0.009046513759149954], [-0.11229082657832015, 0.08178090274691434, 0.45775080004820173, 10.627717720153981, -0.014581800913032477, -0.14994200809545646, -0.09029390925494572], [-0.04050715977107258, -0.02174682491835929, 0.0017427612066923605, -0.014581800913032477, 0.19143132125722948, 0.03270848412423645, -0.004854590996634597], [-0.09956326279162774, 0.019140884420356094, 0.05878539575072286, -0.14994200809545646, 0.03270848412423645, 0.2236411949905502, 0.01607997497645256], [-0.052696492560725755, 0.02925219739717557, -0.009046513759149954, -0.09029390925494572, -0.004854590996634597, 0.01607997497645256, 0.18235182590716564]], "timestamp_unix": 1773614166.4988573, "generation_best_theta": {"mpc.cost.Q_y": 31.491112767648538, "mpc.cost.Q_psi": 11.992485744017777, "mpc.cost.R_ddelta": 7.372268428566852, "velocity_planner.v_max": 9.311217382110389, "velocity_planner.mux_acc": 0.3, "velocity_planner.mux_dec": 0.3, "velocity_planner.muy": 0.5404030531273026}, "generation_best_objective": -10.41016970775535, "global_best_objective_inside_phase": -10.41016970775535}
{"phase": "unstaged_joint_cma", "generation": 3, "lambda": 8, "sigma_internal": 0.872865806043272, "distribution_mean_search": {"mpc.cost.Q_y": 3.94581117938285, "mpc.cost.Q_psi": 1.7419979964540357, "mpc.cost.R_ddelta": 1.4660728035312305, "velocity_planner.v_max": 11.066243540378773, "velocity_planner.mux_acc": 0.07463215610998614, "velocity_planner.mux_dec": -0.24944210517718501, "velocity_planner.muy": 0.23978291019741554}, "distribution_center_theta": {"mpc.cost.Q_y": 51.71827389858793, "mpc.cost.Q_psi": 5.7087380740738505, "mpc.cost.R_ddelta": 4.332188335162099, "velocity_planner.v_max": 11.066243540378773, "velocity_planner.mux_acc": 0.07463215610998614, "velocity_planner.mux_dec": -0.24944210517718501, "velocity_planner.muy": 0.23978291019741554}, "distribution_center_theta_full": {"mpc.cost.Q_y": 51.71827389858793, "mpc.cost.Q_psi": 5.7087380740738505, "mpc.cost.R_ddelta": 4.332188335162099, "velocity_planner.v_max": 11.066243540378773, "velocity_planner.mux_acc": 0.07463215610998614, "velocity_planner.mux_dec": -0.24944210517718501, "velocity_planner.muy": 0.23978291019741554}, "distribution_cov_diag_search": {"mpc.cost.Q_y": 1.3053061355138904, "mpc.cost.Q_psi": 1.3093089090420638, "mpc.cost.R_ddelta": 1.3187627160331012, "velocity_planner.v_max": 8.385599178420767, "velocity_planner.mux_acc": 0.15346269155080802, "velocity_planner.mux_dec": 0.18959153170693951, "velocity_planner.muy": 0.13836762925829682}, "distribution_std_theta_approx": {"mpc.cost.Q_y": 162.88022749899093, "mpc.cost.Q_psi": 18.064469873172563, "mpc.cost.R_ddelta": 13.862851916095204, "velocity_planner.v_max": 2.8957899057805916, "velocity_planner.mux_acc": 0.39174314486766454, "velocity_planner.mux_dec": 0.4354210969934042, "velocity_planner.muy": 0.371977995664121}, "distribution_cov_search_matrix": [[1.3053061355138904, 0.03735785641996943, 0.06505072615618915, -0.10254271990385364, -0.04317255429890057, -0.10138590084230018, -0.04105156936644022], [0.03735785641996943, 1.3093089090420638, -0.09079292060466537, -0.07362172214145617, -0.005691148808543411, 0.022144976374642793, -0.0034033658139739887], [0.06505072615618915, -0.09079292060466537, 1.3187627160331012, 0.2527974823011321, -0.003967887856488139, 0.04505990001367684, 0.009083626980734451], [-0.10254271990385364, -0.07362172214145617, 0.2527974823011321, 8.385599178420767, -0.06224753186787576, -0.1613807422254212, -0.13455933927204078], [-0.04317255429890057, -0.005691148808543411, -0.003967887856488139, -0.06224753186787576, 0.15346269155080802, 0.02727283822094603, 0.00032337085702974217], [-0.10138590084230018, 0.022144976374642793, 0.04505990001367684, -0.1613807422254212, 0.02727283822094603, 0.18959153170693951, 0.017069477899957063], [-0.04105156936644022, -0.0034033658139739887, 0.009083626980734451, -0.13455933927204078, 0.00032337085702974217, 0.017069477899957063, 0.13836762925829682]], "timestamp_unix": 1773616067.8510218, "generation_best_theta": {"mpc.cost.Q_y": 32.24540773870606, "mpc.cost.Q_psi": 10.896946412115721, "mpc.cost.R_ddelta": 8.212948977598534, "velocity_planner.v_max": 11.360649913220318, "velocity_planner.mux_acc": 0.3, "velocity_planner.mux_dec": 0.3, "velocity_planner.muy": 0.5714788444555204}, "generation_best_objective": -11.19152454392675, "global_best_objective_inside_phase": -11.19152454392675}
{"phase": "unstaged_joint_cma", "generation": 4, "lambda": 8, "sigma_internal": 0.7582306900790243, "distribution_mean_search": {"mpc.cost.Q_y": 4.1405013718893136, "mpc.cost.Q_psi": 1.3101056426493138, "mpc.cost.R_ddelta": 1.9515487926962694, "velocity_planner.v_max": 11.245055552860526, "velocity_planner.mux_acc": 0.22368463892171256, "velocity_planner.mux_dec": -0.09048331029707318, "velocity_planner.muy": 0.1523984552030136}, "distribution_center_theta": {"mpc.cost.Q_y": 62.83431691325628, "mpc.cost.Q_psi": 3.7065652629018357, "mpc.cost.R_ddelta": 7.039581994995444, "velocity_planner.v_max": 11.245055552860526, "velocity_planner.mux_acc": 0.22368463892171256, "velocity_planner.mux_dec": -0.09048331029707318, "velocity_planner.muy": 0.1523984552030136}, "distribution_center_theta_full": {"mpc.cost.Q_y": 62.83431691325628, "mpc.cost.Q_psi": 3.7065652629018357, "mpc.cost.R_ddelta": 7.039581994995444, "velocity_planner.v_max": 11.245055552860526, "velocity_planner.mux_acc": 0.22368463892171256, "velocity_planner.mux_dec": -0.09048331029707318, "velocity_planner.muy": 0.1523984552030136}, "distribution_cov_diag_search": {"mpc.cost.Q_y": 0.9710734834367043, "mpc.cost.Q_psi": 0.9884085784196555, "mpc.cost.R_ddelta": 0.9321315750244064, "velocity_planner.v_max": 6.046238054614698, "velocity_planner.mux_acc": 0.10907906708576286, "velocity_planner.mux_dec": 0.14343565674960965, "velocity_planner.muy": 0.09480121497090029}, "distribution_std_theta_approx": {"mpc.cost.Q_y": 130.79396556955632, "mpc.cost.Q_psi": 7.891391589823305, "mpc.cost.R_ddelta": 13.922120544030205, "velocity_planner.v_max": 2.458909932188387, "velocity_planner.mux_acc": 0.33027120232585044, "velocity_planner.mux_dec": 0.3787290017276333, "velocity_planner.muy": 0.3078980593815107}, "distribution_cov_search_matrix": [[0.9710734834367043, 0.024581810339444052, 0.04849361306403408, 0.035893171973398044, -0.029242429117963896, -0.08094316099667098, -0.03466442694657734], [0.024581810339444052, 0.9884085784196555, -0.09552968632013904, -0.10154312508362823, -0.015702731538842423, 0.01225045938984215, -0.000637401130549471], [0.04849361306403408, -0.09552968632013904, 0.9321315750244064, 0.19076108082461718, -0.02131626364762203, 0.029424646248276558, 0.019797136458796286], [0.035893171973398044, -0.10154312508362823, 0.19076108082461718, 6.046238054614698, -0.05354462304602342, -0.10015489864775753, -0.04820671062622585], [-0.029242429117963896, -0.015702731538842423, -0.02131626364762203, -0.05354462304602342, 0.10907906708576286, 0.019328093199826774, 0.004271779443918936], [-0.08094316099667098, 0.01225045938984215, 0.029424646248276558, -0.10015489864775753, 0.019328093199826774, 0.14343565674960965, 0.014095159333710975], [-0.03466442694657734, -0.000637401130549471, 0.019797136458796286, -0.04820671062622585, 0.004271779443918936, 0.014095159333710975, 0.09480121497090029]], "timestamp_unix": 1773617889.8728325, "generation_best_theta": {"mpc.cost.Q_y": 100.0, "mpc.cost.Q_psi": 1.9889855367167162, "mpc.cost.R_ddelta": 8.368345920909078, "velocity_planner.v_max": 11.943237382327844, "velocity_planner.mux_acc": 0.3, "velocity_planner.mux_dec": 0.3, "velocity_planner.muy": 0.3}, "generation_best_objective": -8.497202161332941, "global_best_objective_inside_phase": -11.19152454392675}
{"phase": "unstaged_joint_cma", "generation": 5, "lambda": 8, "sigma_internal": 0.6761391259387131, "distribution_mean_search": {"mpc.cost.Q_y": 3.843313933926823, "mpc.cost.Q_psi": 2.0268406221343382, "mpc.cost.R_ddelta": 1.5304918390787752, "velocity_planner.v_max": 11.721085548020959, "velocity_planner.mux_acc": 0.19230635753916375, "velocity_planner.mux_dec": 0.06189005431141997, "velocity_planner.muy": 0.00562392534143491}, "distribution_center_theta": {"mpc.cost.Q_y": 46.67991254549721, "mpc.cost.Q_psi": 7.590068543525908, "mpc.cost.R_ddelta": 4.620448780806871, "velocity_planner.v_max": 11.721085548020959, "velocity_planner.mux_acc": 0.19230635753916375, "velocity_planner.mux_dec": 0.06189005431141997, "velocity_planner.muy": 0.00562392534143491}, "distribution_center_theta_full": {"mpc.cost.Q_y": 46.67991254549721, "mpc.cost.Q_psi": 7.590068543525908, "mpc.cost.R_ddelta": 4.620448780806871, "velocity_planner.v_max": 11.721085548020959, "velocity_planner.mux_acc": 0.19230635753916375, "velocity_planner.mux_dec": 0.06189005431141997, "velocity_planner.muy": 0.00562392534143491}, "distribution_cov_diag_search": {"mpc.cost.Q_y": 0.7210668843405601, "mpc.cost.Q_psi": 0.773415401349261, "mpc.cost.R_ddelta": 0.7364749649220986, "velocity_planner.v_max": 4.626312956899787, "velocity_planner.mux_acc": 0.07560580367175876, "velocity_planner.mux_dec": 0.11597533378156005, "velocity_planner.muy": 0.0766788452381178}, "distribution_std_theta_approx": {"mpc.cost.Q_y": 68.81267020314941, "mpc.cost.Q_psi": 12.07132792288796, "mpc.cost.R_ddelta": 6.966809056060473, "velocity_planner.v_max": 2.150886551378242, "velocity_planner.mux_acc": 0.27496509536986463, "velocity_planner.mux_dec": 0.3405515141378174, "velocity_planner.muy": 0.2769094531396821}, "distribution_cov_search_matrix": [[0.7210668843405601, 0.011638221311957148, 0.07184016095440578, -0.022708792784753504, -0.012359863655473017, -0.060670142649427175, -0.030712547645501527], [0.011638221311957148, 0.773415401349261, -0.07913589379591239, 0.015328959146827404, 0.004129213443179708, 0.02431247064222252, -0.007706020020642627], [0.07184016095440578, -0.07913589379591239, 0.7364749649220986, 0.17269032084729224, -0.02743424668333173, 0.02090289320253013, 0.02428713626554778], [-0.022708792784753504, 0.015328959146827404, 0.17269032084729224, 4.626312956899787, -0.03226503000791759, -0.06063308712525119, -0.04744382712744348], [-0.012359863655473017, 0.004129213443179708, -0.02743424668333173, -0.03226503000791759, 0.07560580367175876, 0.01119007213012455, 0.003472352319980391], [-0.060670142649427175, 0.02431247064222252, 0.02090289320253013, -0.06063308712525119, 0.01119007213012455, 0.11597533378156005, 0.00848587141523282], [-0.030712547645501527, -0.007706020020642627, 0.02428713626554778, -0.04744382712744348, 0.003472352319980391, 0.00848587141523282, 0.0766788452381178]], "timestamp_unix": 1773619878.3301306, "generation_best_theta": {"mpc.cost.Q_y": 38.93853962947458, "mpc.cost.Q_psi": 11.001721349515462, "mpc.cost.R_ddelta": 8.269384940724818, "velocity_planner.v_max": 11.284539423225086, "velocity_planner.mux_acc": 0.3, "velocity_planner.mux_dec": 0.4201691011092871, "velocity_planner.muy": 0.3}, "generation_best_objective": -8.977285571112843, "global_best_objective_inside_phase": -11.19152454392675}
{"phase": "unstaged_joint_cma", "generation": 6, "lambda": 8, "sigma_internal": 0.6457587987330999, "distribution_mean_search": {"mpc.cost.Q_y": 3.5691843735965323, "mpc.cost.Q_psi": 2.2641645128667727, "mpc.cost.R_ddelta": 1.392290032495043, "velocity_planner.v_max": 13.373333233756373, "velocity_planner.mux_acc": -0.04109223622716418, "velocity_planner.mux_dec": -0.17591975577923102, "velocity_planner.muy": -0.019054605988017337}, "distribution_center_theta": {"mpc.cost.Q_y": 35.487636690925, "mpc.cost.Q_psi": 9.623081280940681, "mpc.cost.R_ddelta": 4.0240547255552865, "velocity_planner.v_max": 13.373333233756373, "velocity_planner.mux_acc": -0.04109223622716418, "velocity_planner.mux_dec": -0.17591975577923102, "velocity_planner.muy": -0.019054605988017337}, "distribution_center_theta_full": {"mpc.cost.Q_y": 35.487636690925, "mpc.cost.Q_psi": 9.623081280940681, "mpc.cost.R_ddelta": 4.0240547255552865, "velocity_planner.v_max": 13.373333233756373, "velocity_planner.mux_acc": -0.04109223622716418, "velocity_planner.mux_dec": -0.17591975577923102, "velocity_planner.muy": -0.019054605988017337}, "distribution_cov_diag_search": {"mpc.cost.Q_y": 0.6574451321901325, "mpc.cost.Q_psi": 0.6242188086593062, "mpc.cost.R_ddelta": 0.668734619684385, "velocity_planner.v_max": 4.369038208186516, "velocity_planner.mux_acc": 0.06478157376770277, "velocity_planner.mux_dec": 0.11338769019315023, "velocity_planner.muy": 0.07163158971921745}, "distribution_std_theta_approx": {"mpc.cost.Q_y": 47.5386898048397, "mpc.cost.Q_psi": 12.241024246888015, "mpc.cost.R_ddelta": 5.484573440350897, "velocity_planner.v_max": 2.090224439668266, "velocity_planner.mux_acc": 0.2545222461155464, "velocity_planner.mux_dec": 0.33673088690102404, "velocity_planner.muy": 0.2676407848576473}, "distribution_cov_search_matrix": [[0.6574451321901325, 0.021278559905215055, 0.06762821085747436, -0.07116009824366647, -0.012328821205026295, -0.05174631864039776, -0.027831887981289917], [0.021278559905215055, 0.6242188086593062, -0.04981140576809418, 0.05430404138923137, 0.008463888228220076, 0.014877924800471096, -0.007412058185369894], [0.06762821085747436, -0.04981140576809418, 0.668734619684385, 0.12647743794091437, -0.02273811908242977, 0.02663454024089311, 0.022825398148271364], [-0.07116009824366647, 0.05430404138923137, 0.12647743794091437, 4.369038208186516, -0.08442735679022377, -0.10272055935044917, -0.06073620545258097], [-0.012328821205026295, 0.008463888228220076, -0.02273811908242977, -0.08442735679022377, 0.06478157376770277, 0.012955069618298917, 0.002635552723658424], [-0.05174631864039776, 0.014877924800471096, 0.02663454024089311, -0.10272055935044917, 0.012955069618298917, 0.11338769019315023, 0.005797875798553587], [-0.027831887981289917, -0.007412058185369894, 0.022825398148271364, -0.06073620545258097, 0.002635552723658424, 0.005797875798553587, 0.07163158971921745]], "timestamp_unix": 1773621867.2066913, "generation_best_theta": {"mpc.cost.Q_y": 31.02632647759375, "mpc.cost.Q_psi": 10.00957824951543, "mpc.cost.R_ddelta": 2.262413638045247, "velocity_planner.v_max": 14.534739889607511, "velocity_planner.mux_acc": 0.3, "velocity_planner.mux_dec": 0.3, "velocity_planner.muy": 0.3}, "generation_best_objective": -9.180841529187115, "global_best_objective_inside_phase": -11.19152454392675}
{"phase": "unstaged_joint_cma", "generation": 7, "lambda": 8, "sigma_internal": 0.6037134083190314, "distribution_mean_search": {"mpc.cost.Q_y": 4.3074407573722056, "mpc.cost.Q_psi": 1.8455913152918049, "mpc.cost.R_ddelta": 1.8538920649723987, "velocity_planner.v_max": 14.06988719521664, "velocity_planner.mux_acc": -0.12970232329570053, "velocity_planner.mux_dec": -0.1330603761994859, "velocity_planner.muy": 0.02197514548463958}, "distribution_center_theta": {"mpc.cost.Q_y": 74.25022124226732, "mpc.cost.Q_psi": 6.331842799116283, "mpc.cost.R_ddelta": 6.384620585763581, "velocity_planner.v_max": 14.06988719521664, "velocity_planner.mux_acc": -0.12970232329570053, "velocity_planner.mux_dec": -0.1330603761994859, "velocity_planner.muy": 0.02197514548463958}, "distribution_center_theta_full": {"mpc.cost.Q_y": 74.25022124226732, "mpc.cost.Q_psi": 6.331842799116283, "mpc.cost.R_ddelta": 6.384620585763581, "velocity_planner.v_max": 14.06988719521664, "velocity_planner.mux_acc": -0.12970232329570053, "velocity_planner.mux_dec": -0.1330603761994859, "velocity_planner.muy": 0.02197514548463958}, "distribution_cov_diag_search": {"mpc.cost.Q_y": 0.5914481249779178, "mpc.cost.Q_psi": 0.530326691340733, "mpc.cost.R_ddelta": 0.5899159889871286, "velocity_planner.v_max": 4.085326769429085, "velocity_planner.mux_acc": 0.05400798648961055, "velocity_planner.mux_dec": 0.10897634467540945, "velocity_planner.muy": 0.05435739734405109}, "distribution_std_theta_approx": {"mpc.cost.Q_y": 89.63113967075832, "mpc.cost.Q_psi": 6.90365464739025, "mpc.cost.R_ddelta": 7.6880762780320735, "velocity_planner.v_max": 2.0212191294931596, "velocity_planner.mux_acc": 0.2323961843267022, "velocity_planner.mux_dec": 0.33011565348436517, "velocity_planner.muy": 0.23314672921585472}, "distribution_cov_search_matrix": [[0.5914481249779178, 0.0055453345528329746, 0.07198887504977977, 0.0251646611410516, -0.02315351896494658, -0.05990396423516024, -0.02717210185952665], [0.0055453345528329746, 0.530326691340733, -0.05773675889870703, 0.029697002437984808, 0.008987541281605824, 0.0056532021409613446, -0.013061716515472032], [0.07198887504977977, -0.05773675889870703, 0.5899159889871286, 0.14511156828566146, -0.029594811148005197, 0.01057284221563121, 0.020432057474223046], [0.0251646611410516, 0.029697002437984808, 0.14511156828566146, 4.085326769429085, -0.11073273471726085, -0.11187851740398444, -0.04750929925083666], [-0.02315351896494658, 0.008987541281605824, -0.029594811148005197, -0.11073273471726085, 0.05400798648961055, 0.015248430085401802, 0.008275459218351305], [-0.05990396423516024, 0.0056532021409613446, 0.01057284221563121, -0.11187851740398444, 0.015248430085401802, 0.10897634467540945, 0.0029742869480121163], [-0.02717210185952665, -0.013061716515472032, 0.020432057474223046, -0.04750929925083666, 0.008275459218351305, 0.0029742869480121163, 0.05435739734405109]], "timestamp_unix": 1773623832.7495813, "generation_best_theta": {"mpc.cost.Q_y": 41.49839310357108, "mpc.cost.Q_psi": 4.96450082589272, "mpc.cost.R_ddelta": 3.6730410913006666, "velocity_planner.v_max": 12.895625373840698, "velocity_planner.mux_acc": 0.3, "velocity_planner.mux_dec": 0.46052191670496895, "velocity_planner.muy": 0.3}, "generation_best_objective": -9.222625646962058, "global_best_objective_inside_phase": -11.19152454392675}
{"phase": "unstaged_joint_cma", "generation": 8, "lambda": 8, "sigma_internal": 0.6891095468525674, "distribution_mean_search": {"mpc.cost.Q_y": 5.509808174319193, "mpc.cost.Q_psi": 2.257980629034097, "mpc.cost.R_ddelta": 1.3753742302128422, "velocity_planner.v_max": 14.160290408631594, "velocity_planner.mux_acc": -0.260431567401364, "velocity_planner.mux_dec": -0.02187483010953517, "velocity_planner.muy": -0.4182282949246485}, "distribution_center_theta": {"mpc.cost.Q_y": 247.10372168134248, "mpc.cost.Q_psi": 9.563756880835339, "mpc.cost.R_ddelta": 3.9565571091097453, "velocity_planner.v_max": 14.160290408631594, "velocity_planner.mux_acc": -0.260431567401364, "velocity_planner.mux_dec": -0.02187483010953517, "velocity_planner.muy": -0.4182282949246485}, "distribution_center_theta_full": {"mpc.cost.Q_y": 247.10372168134248, "mpc.cost.Q_psi": 9.563756880835339, "mpc.cost.R_ddelta": 3.9565571091097453, "velocity_planner.v_max": 14.160290408631594, "velocity_planner.mux_acc": -0.260431567401364, "velocity_planner.mux_dec": -0.02187483010953517, "velocity_planner.muy": -0.4182282949246485}, "distribution_cov_diag_search": {"mpc.cost.Q_y": 0.984616996890382, "mpc.cost.Q_psi": 0.6730740105498682, "mpc.cost.R_ddelta": 0.7639071181564479, "velocity_planner.v_max": 4.991792956457124, "velocity_planner.mux_acc": 0.07443529578600344, "velocity_planner.mux_dec": 0.14367170673136492, "velocity_planner.muy": 0.08679664427503503}, "distribution_std_theta_approx": {"mpc.cost.Q_y": 523.5100595131984, "mpc.cost.Q_psi": 13.121326244681834, "mpc.cost.R_ddelta": 6.207441606505849, "velocity_planner.v_max": 2.234232073097404, "velocity_planner.mux_acc": 0.2728283265828595, "velocity_planner.mux_dec": 0.37904050803491296, "velocity_planner.muy": 0.29461270216172797}, "distribution_cov_search_matrix": [[0.984616996890382, 0.038490573172415464, 0.052405589266730376, 0.22578301536198345, -0.056239499030740873, -0.0630383815299574, -0.10967507060144308], [0.038490573172415464, 0.6730740105498682, -0.06909921030592436, 0.1354363319043194, 0.0065473045209783615, 0.015807251494394388, -0.03597484504503943], [0.052405589266730376, -0.06909921030592436, 0.7639071181564479, 0.08553809273161361, -0.028597711573254917, 0.011064095137356223, 0.04300589029094663], [0.22578301536198345, 0.1354363319043194, 0.08553809273161361, 4.991792956457124, -0.1613721801389327, -0.134643132501306, -0.12649422347343758], [-0.056239499030740873, 0.0065473045209783615, -0.028597711573254917, -0.1613721801389327, 0.07443529578600344, 0.01966015990351137, 0.023672307245681604], [-0.0630383815299574, 0.015807251494394388, 0.011064095137356223, -0.134643132501306, 0.01966015990351137, 0.14367170673136492, -0.001923866377885806], [-0.10967507060144308, -0.03597484504503943, 0.04300589029094663, -0.12649422347343758, 0.023672307245681604, -0.001923866377885806, 0.08679664427503503]], "timestamp_unix": 1773625821.985042, "generation_best_theta": {"mpc.cost.Q_y": 100.0, "mpc.cost.Q_psi": 9.039102076119711, "mpc.cost.R_ddelta": 3.3574252526337642, "velocity_planner.v_max": 13.970622205737117, "velocity_planner.mux_acc": 0.3, "velocity_planner.mux_dec": 0.3, "velocity_planner.muy": 0.3}, "generation_best_objective": -9.182709349460652, "global_best_objective_inside_phase": -11.19152454392675}
{"phase": "unstaged_joint_cma", "generation": 9, "lambda": 8, "sigma_internal": 0.7990334304988536, "distribution_mean_search": {"mpc.cost.Q_y": 5.755679590029785, "mpc.cost.Q_psi": 3.326653037734755, "mpc.cost.R_ddelta": 1.0364250059845495, "velocity_planner.v_max": 16.469047963553834, "velocity_planner.mux_acc": -0.219466557399557, "velocity_planner.mux_dec": 0.08415833092513786, "velocity_planner.muy": -0.656040914311308}, "distribution_center_theta": {"mpc.cost.Q_y": 315.980211575565, "mpc.cost.Q_psi": 27.84498943820202, "mpc.cost.R_ddelta": 2.81912063845168, "velocity_planner.v_max": 16.469047963553834, "velocity_planner.mux_acc": -0.219466557399557, "velocity_planner.mux_dec": 0.08415833092513786, "velocity_planner.muy": -0.656040914311308}, "distribution_center_theta_full": {"mpc.cost.Q_y": 315.980211575565, "mpc.cost.Q_psi": 27.84498943820202, "mpc.cost.R_ddelta": 2.81912063845168, "velocity_planner.v_max": 16.469047963553834, "velocity_planner.mux_acc": -0.219466557399557, "velocity_planner.mux_dec": 0.08415833092513786, "velocity_planner.muy": -0.656040914311308}, "distribution_cov_diag_search": {"mpc.cost.Q_y": 1.4011731315834253, "mpc.cost.Q_psi": 1.0493940556615327, "mpc.cost.R_ddelta": 0.9973838087984556, "velocity_planner.v_max": 7.704526828634036, "velocity_planner.mux_acc": 0.08924084410625445, "velocity_planner.mux_dec": 0.18545355886946768, "velocity_planner.muy": 0.13772174078286997}, "distribution_std_theta_approx": {"mpc.cost.Q_y": 1113.7267293480681, "mpc.cost.Q_psi": 64.10615287995097, "mpc.cost.R_ddelta": 6.072123520732861, "velocity_planner.v_max": 2.7757029431540463, "velocity_planner.mux_acc": 0.29873206072709113, "velocity_planner.mux_dec": 0.43064319206213825, "velocity_planner.muy": 0.3711087991180888}, "distribution_cov_search_matrix": [[1.4011731315834253, 0.17996351042581732, 0.03698845137972956, 0.5072607882240188, -0.08949221950136377, -0.059625269159445424, -0.18716020896269803], [0.17996351042581732, 1.0493940556615327, -0.14566308727724664, 0.6692419427860484, -0.00894568770863317, 0.021489706196594956, -0.11240885634510958], [0.03698845137972956, -0.14566308727724664, 0.9973838087984556, -0.23767187745875568, -0.0016441461169265936, 0.032014191304107126, 0.08876809306695121], [0.5072607882240188, 0.6692419427860484, -0.23767187745875568, 7.704526828634036, -0.22127596269307942, -0.13399493873722823, -0.31268001910489884], [-0.08949221950136377, -0.00894568770863317, -0.0016441461169265936, -0.22127596269307942, 0.08924084410625445, 0.025339373025823536, 0.035602759388806575], [-0.059625269159445424, 0.021489706196594956, 0.032014191304107126, -0.13399493873722823, 0.025339373025823536, 0.18545355886946768, -0.009475302615385898], [-0.18716020896269803, -0.11240885634510958, 0.08876809306695121, -0.31268001910489884, 0.035602759388806575, -0.009475302615385898, 0.13772174078286997]], "timestamp_unix": 1773627811.8651152, "generation_best_theta": {"mpc.cost.Q_y": 100.0, "mpc.cost.Q_psi": 62.92089053485192, "mpc.cost.R_ddelta": 1.0, "velocity_planner.v_max": 18.0, "velocity_planner.mux_acc": 0.3, "velocity_planner.mux_dec": 0.3, "velocity_planner.muy": 0.3}, "generation_best_objective": -8.750268691490854, "global_best_objective_inside_phase": -11.19152454392675}
{"phase": "unstaged_joint_cma", "generation": 10, "lambda": 8, "sigma_internal": 0.9674644575022786, "distribution_mean_search": {"mpc.cost.Q_y": 7.824701482336841, "mpc.cost.Q_psi": 3.9230452202137145, "mpc.cost.R_ddelta": 1.2251929388698537, "velocity_planner.v_max": 15.775040919283985, "velocity_planner.mux_acc": -0.1444833118599268, "velocity_planner.mux_dec": 0.28762187616928775, "velocity_planner.muy": -0.8725579759266979}, "distribution_center_theta": {"mpc.cost.Q_y": 2501.6392158723093, "mpc.cost.Q_psi": 50.554159159567234, "mpc.cost.R_ddelta": 3.4048229421124367, "velocity_planner.v_max": 15.775040919283985, "velocity_planner.mux_acc": -0.1444833118599268, "velocity_planner.mux_dec": 0.28762187616928775, "velocity_planner.muy": -0.8725579759266979}, "distribution_center_theta_full": {"mpc.cost.Q_y": 2501.6392158723093, "mpc.cost.Q_psi": 50.554159159567234, "mpc.cost.R_ddelta": 3.4048229421124367, "velocity_planner.v_max": 15.775040919283985, "velocity_planner.mux_acc": -0.1444833118599268, "velocity_planner.mux_dec": 0.28762187616928775, "velocity_planner.muy": -0.8725579759266979}, "distribution_cov_diag_search": {"mpc.cost.Q_y": 2.288530968706348, "mpc.cost.Q_psi": 1.671640179260349, "mpc.cost.R_ddelta": 1.356645172365007, "velocity_planner.v_max": 11.160353938973172, "velocity_planner.mux_acc": 0.12983712843222184, "velocity_planner.mux_dec": 0.27092213008001864, "velocity_planner.muy": 0.2155062967129732}, "distribution_std_theta_approx": {"mpc.cost.Q_y": 23383.01720077217, "mpc.cost.Q_psi": 242.40157732296504, "mpc.cost.R_ddelta": 11.392511265935212, "velocity_planner.v_max": 3.340711591708146, "velocity_planner.mux_acc": 0.360329194532197, "velocity_planner.mux_dec": 0.5205018060295455, "velocity_planner.muy": 0.46422655752657366}, "distribution_cov_search_matrix": [[2.288530968706348, 0.32474893579663505, 0.02174949826254742, 0.5947951066696792, -0.12215119943207693, -0.06780749606598914, -0.3205887084696047], [0.32474893579663505, 1.671640179260349, -0.2955086032594619, 1.1358383541255062, -0.016290592036112998, 0.031764988107186753, -0.20568142680367935], [0.02174949826254742, -0.2955086032594619, 1.356645172365007, -0.5672976766061362, 0.02756038781296999, 0.03374267443310564, 0.13980582698751087], [0.5947951066696792, 1.1358383541255062, -0.5672976766061362, 11.160353938973172, -0.32506085808373236, -0.1925515868033718, -0.5653388948181929], [-0.12215119943207693, -0.016290592036112998, 0.02756038781296999, -0.32506085808373236, 0.12983712843222184, 0.038711947993773546, 0.056821752956388534], [-0.06780749606598914, 0.031764988107186753, 0.03374267443310564, -0.1925515868033718, 0.038711947993773546, 0.27092213008001864, -0.017089678224335943], [-0.3205887084696047, -0.20568142680367935, 0.13980582698751087, -0.5653388948181929, 0.056821752956388534, -0.017089678224335943, 0.2155062967129732]], "timestamp_unix": 1773629802.2870274, "generation_best_theta": {"mpc.cost.Q_y": 100.0, "mpc.cost.Q_psi": 100.0, "mpc.cost.R_ddelta": 2.0911516622657547, "velocity_planner.v_max": 16.821959972403043, "velocity_planner.mux_acc": 0.3, "velocity_planner.mux_dec": 0.4197471035544434, "velocity_planner.muy": 0.3}, "generation_best_objective": -9.171699249917591, "global_best_objective_inside_phase": -11.19152454392675}
{"phase": "unstaged_joint_cma", "generation": 11, "lambda": 8, "sigma_internal": 1.1220691126510676, "distribution_mean_search": {"mpc.cost.Q_y": 8.067168899796775, "mpc.cost.Q_psi": 4.48436218698827, "mpc.cost.R_ddelta": 0.11810934484428515, "velocity_planner.v_max": 12.08896671470334, "velocity_planner.mux_acc": -0.28756664483019856, "velocity_planner.mux_dec": -0.1434893476644501, "velocity_planner.muy": -1.2249479273287436}, "distribution_center_theta": {"mpc.cost.Q_y": 3188.063313947402, "mpc.cost.Q_psi": 88.62040953319031, "mpc.cost.R_ddelta": 1.125367157736603, "velocity_planner.v_max": 12.08896671470334, "velocity_planner.mux_acc": -0.28756664483019856, "velocity_planner.mux_dec": -0.1434893476644501, "velocity_planner.muy": -1.2249479273287436}, "distribution_center_theta_full": {"mpc.cost.Q_y": 3188.063313947402, "mpc.cost.Q_psi": 88.62040953319031, "mpc.cost.R_ddelta": 1.125367157736603, "velocity_planner.v_max": 12.08896671470334, "velocity_planner.mux_acc": -0.28756664483019856, "velocity_planner.mux_dec": -0.1434893476644501, "velocity_planner.muy": -1.2249479273287436}, "distribution_cov_diag_search": {"mpc.cost.Q_y": 3.0684084308615125, "mpc.cost.Q_psi": 2.1738064502430916, "mpc.cost.R_ddelta": 1.9314044528290426, "velocity_planner.v_max": 15.358843596488988, "velocity_planner.mux_acc": 0.16773527079990905, "velocity_planner.mux_dec": 0.38177487243943065, "velocity_planner.muy": 0.314276157507564}, "distribution_std_theta_approx": {"mpc.cost.Q_y": 66954.72844749797, "mpc.cost.Q_psi": 733.4753688382352, "mpc.cost.R_ddelta": 7.179425420723718, "velocity_planner.v_max": 3.919036054502304, "velocity_planner.mux_acc": 0.40955496676259345, "velocity_planner.mux_dec": 0.6178793348538456, "velocity_planner.muy": 0.5606033869925904}, "distribution_cov_search_matrix": [[3.0684084308615125, 0.6310599659441589, -0.0893752864807831, 0.5779309049241046, -0.21059465029996682, -0.12732340602894734, -0.46618752032129473], [0.6310599659441589, 2.1738064502430916, -0.5293662537598802, 1.2836806156827336, -0.04378047012274218, -0.0005261766426574584, -0.3030492938343987], [-0.0893752864807831, -0.5293662537598802, 1.9314044528290426, -0.5712637459718388, 0.05763297214121138, 0.0965025940209841, 0.2657215618305673], [0.5779309049241046, 1.2836806156827336, -0.5712637459718388, 15.358843596488988, -0.4576400179022065, -0.1791933053769991, -0.5766786494598415], [-0.21059465029996682, -0.04378047012274218, 0.05763297214121138, -0.4576400179022065, 0.16773527079990905, 0.05813858690819726, 0.0956137784323934], [-0.12732340602894734, -0.0005261766426574584, 0.0965025940209841, -0.1791933053769991, 0.05813858690819726, 0.38177487243943065, 0.0009170108038641708], [-0.46618752032129473, -0.3030492938343987, 0.2657215618305673, -0.5766786494598415, 0.0956137784323934, 0.0009170108038641708, 0.314276157507564]], "timestamp_unix": 1773631792.0601854, "generation_best_theta": {"mpc.cost.Q_y": 100.0, "mpc.cost.Q_psi": 100.0, "mpc.cost.R_ddelta": 1.0, "velocity_planner.v_max": 12.823947385224944, "velocity_planner.mux_acc": 0.3, "velocity_planner.mux_dec": 0.3, "velocity_planner.muy": 0.3}, "generation_best_objective": -9.285628829089282, "global_best_objective_inside_phase": -11.19152454392675}
